0.000000000000000000e+00 1.407216100624447107e+09 0.000000000000000000e+00 0.000000000000000000e+00 0.000000000000000000e+00 0.000000000000000000e+00 0.000000000000000000e+00 0.000000000000000000e+00 0.000000000000000000e+00 0.000000000000000000e+00 0.000000000000000000e+00 0.000000000000000000e+00
0.000000000000000000e+00 1.407216100628582001e+09 0.000000000000000000e+00 0.000000000000000000e+00 0.000000000000000000e+00 0.000000000000000000e+00 0.000000000000000000e+00 0.000000000000000000e+00 0.000000000000000000e+00 0.000000000000000000e+00 0.000000000000000000e+00 0.000000000000000000e+00
0.000000000000000000e+00 1.407216101424683094e+09 0.000000000000000000e+00 0.000000000000000000e+00 0.000000000000000000e+00 0.000000000000000000e+00 0.000000000000000000e+00 0.000000000000000000e+00 0.000000000000000000e+00 0.000000000000000000e+00 0.000000000000000000e+00 0.000000000000000000e+00
0.000000000000000000e+00 1.407216101433837891e+09 3.397980333299999955e+01 -1.178862866669999931e+02 0.000000000000000000e+00 0.000000000000000000e+00 0.000000000000000000e+00 0.000000000000000000e+00 0.000000000000000000e+00 0.000000000000000000e+00 0.000000000000000000e+00 0.000000000000000000e+00
0.000000000000000000e+00 1.407216101477586985e+09 3.397980333299999955e+01 -1.178862866669999931e+02 0.000000000000000000e+00 0.000000000000000000e+00 0.000000000000000000e+00 0.000000000000000000e+00 0.000000000000000000e+00 0.000000000000000000e+00 2.276999999999999957e+01 0.000000000000000000e+00
1.407448931000000000e+09 1.407216101557914972e+09 3.397980333299999955e+01 -1.178862866669999931e+02 0.000000000000000000e+00 9.299999999999999933e-02 0.000000000000000000e+00 0.000000000000000000e+00 0.000000000000000000e+00 0.000000000000000000e+00 2.276999999999999957e+01 5.000000000000000104e-03
0.000000000000000000e+00 1.407216102547374964e+09 0.000000000000000000e+00 0.000000000000000000e+00 0.000000000000000000e+00 0.000000000000000000e+00 0.000000000000000000e+00 0.000000000000000000e+00 0.000000000000000000e+00 0.000000000000000000e+00 0.000000000000000000e+00 0.000000000000000000e+00
1.407448932000000000e+09 1.407216102698165894e+09 3.397980166699999671e+01 -1.178862883329999960e+02 0.000000000000000000e+00 2.109999999999999931e-01 1.000000000000000056e-01 0.000000000000000000e+00 1.607799999999999940e+01 3.585900000000000176e+01 2.276999999999999957e+01 5.000000000000000104e-03
0.000000000000000000e+00 1.407216102835052013e+09 0.000000000000000000e+00 0.000000000000000000e+00 0.000000000000000000e+00 0.000000000000000000e+00 0.000000000000000000e+00 0.000000000000000000e+00 0.000000000000000000e+00 0.000000000000000000e+00 0.000000000000000000e+00 0.000000000000000000e+00
0.000000000000000000e+00 1.407216103359364986e+09 0.000000000000000000e+00 0.000000000000000000e+00 0.000000000000000000e+00 0.000000000000000000e+00 0.000000000000000000e+00 0.000000000000000000e+00 0.000000000000000000e+00 0.000000000000000000e+00 0.000000000000000000e+00 0.000000000000000000e+00
1.407448933000000000e+09 1.407216103487588882e+09 3.397980499999999893e+01 -1.178862883329999960e+02 0.000000000000000000e+00 3.760000000000000009e-01 1.000000000000000056e-01 7.171999999999999886e+01 1.607799999999999940e+01 3.585900000000000176e+01 2.080680000000000121e+02 5.000000000000000104e-03
1.407448934000000000e+09 1.407216104470092058e+09 3.397980666699999830e+01 -1.178862850000000009e+02 0.000000000000000000e+00 4.119999999999999774e-01 0.000000000000000000e+00 7.171999999999999886e+01 1.607799999999999940e+01 3.585900000000000176e+01 2.276999999999999957e+01 5.000000000000000104e-03
1.407448935000000000e+09 1.407216105479626894e+09 3.397981500000000210e+01 -1.178862783330000070e+02 0.000000000000000000e+00 4.420000000000000040e-01 0.000000000000000000e+00 7.171999999999999886e+01 1.607799999999999940e+01 3.585900000000000176e+01 2.276999999999999957e+01 5.000000000000000104e-03
1.407448936000000000e+09 1.407216106467875957e+09 3.397981999999999658e+01 -1.178862749999999977e+02 0.000000000000000000e+00 4.119999999999999774e-01 0.000000000000000000e+00 7.171999999999999886e+01 1.607799999999999940e+01 3.585900000000000176e+01 2.276999999999999957e+01 5.000000000000000104e-03
0.000000000000000000e+00 1.407216107540642023e+09 0.000000000000000000e+00 0.000000000000000000e+00 0.000000000000000000e+00 0.000000000000000000e+00 0.000000000000000000e+00 0.000000000000000000e+00 0.000000000000000000e+00 0.000000000000000000e+00 0.000000000000000000e+00 0.000000000000000000e+00
1.407448937000000000e+09 1.407216107616703033e+09 3.397981666700000147e+01 -1.178862716670000026e+02 0.000000000000000000e+00 4.060000000000000275e-01 -1.000000000000000056e-01 7.171999999999999886e+01 1.607799999999999940e+01 3.585900000000000176e+01 2.276999999999999957e+01 5.000000000000000104e-03
1.407448938000000000e+09 1.407216108490792990e+09 3.397981833299999721e+01 -1.178862699999999961e+02 0.000000000000000000e+00 4.889999999999999902e-01 0.000000000000000000e+00 7.171999999999999886e+01 1.607799999999999940e+01 3.585900000000000176e+01 2.080680000000000121e+02 5.000000000000000104e-03
1.407448939000000000e+09 1.407216109478213072e+09 3.397982333299999880e+01 -1.178862683330000038e+02 0.000000000000000000e+00 3.499999999999999778e-01 -1.000000000000000056e-01 7.171999999999999886e+01 1.607799999999999940e+01 3.585900000000000176e+01 2.276999999999999957e+01 5.000000000000000104e-03
1.407448940000000000e+09 1.407216110489051104e+09 3.397982333299999880e+01 -1.178862683330000038e+02 0.000000000000000000e+00 3.649999999999999911e-01 0.000000000000000000e+00 7.171999999999999886e+01 1.607799999999999940e+01 3.585900000000000176e+01 2.276999999999999957e+01 5.000000000000000104e-03
1.407448941000000000e+09 1.407216111479060888e+09 3.397983166699999913e+01 -1.178862649999999945e+02 0.000000000000000000e+00 3.860000000000000098e-01 -1.000000000000000056e-01 7.171999999999999886e+01 1.607799999999999940e+01 3.585900000000000176e+01 2.276999999999999957e+01 5.000000000000000104e-03
0.000000000000000000e+00 1.407216112522670031e+09 0.000000000000000000e+00 0.000000000000000000e+00 0.000000000000000000e+00 0.000000000000000000e+00 0.000000000000000000e+00 0.000000000000000000e+00 0.000000000000000000e+00 0.000000000000000000e+00 0.000000000000000000e+00 0.000000000000000000e+00
1.407448942000000000e+09 1.407216112599653006e+09 3.397983666700000072e+01 -1.178862633330000023e+02 0.000000000000000000e+00 2.680000000000000160e-01 -1.000000000000000056e-01 7.171999999999999886e+01 1.607799999999999940e+01 3.585900000000000176e+01 2.276999999999999957e+01 5.000000000000000104e-03
1.407448943000000000e+09 1.407216113538923025e+09 3.397983333300000197e+01 -1.178862633330000023e+02 0.000000000000000000e+00 3.599999999999999867e-01 0.000000000000000000e+00 7.171999999999999886e+01 1.607799999999999940e+01 3.585900000000000176e+01 2.080680000000000121e+02 5.000000000000000104e-03
1.407448944000000000e+09 1.407216114490282059e+09 3.397982999999999976e+01 -1.178862633330000023e+02 0.000000000000000000e+00 3.760000000000000009e-01 -1.000000000000000056e-01 7.171999999999999886e+01 1.607799999999999940e+01 3.585900000000000176e+01 2.276999999999999957e+01 5.000000000000000104e-03
1.407448945000000000e+09 1.407216115477291107e+09 3.397982833300000038e+01 -1.178862649999999945e+02 0.000000000000000000e+00 2.730000000000000204e-01 0.000000000000000000e+00 7.171999999999999886e+01 1.607799999999999940e+01 3.585900000000000176e+01 2.276999999999999957e+01 5.000000000000000104e-03
1.407448946000000000e+09 1.407216116492482901e+09 3.397982666699999754e+01 -1.178862649999999945e+02 0.000000000000000000e+00 4.119999999999999774e-01 -1.000000000000000056e-01 7.171999999999999886e+01 1.607799999999999940e+01 3.585900000000000176e+01 2.276999999999999957e+01 5.000000000000000104e-03
0.000000000000000000e+00 1.407216117516613007e+09 0.000000000000000000e+00 0.000000000000000000e+00 0.000000000000000000e+00 0.000000000000000000e+00 0.000000000000000000e+00 0.000000000000000000e+00 0.000000000000000000e+00 0.000000000000000000e+00 0.000000000000000000e+00 0.000000000000000000e+00
1.407448947000000000e+09 1.407216117596165895e+09 3.397982666699999754e+01 -1.178862666670000010e+02 0.000000000000000000e+00 3.240000000000000102e-01 0.000000000000000000e+00 7.171999999999999886e+01 1.607799999999999940e+01 3.585900000000000176e+01 2.276999999999999957e+01 5.000000000000000104e-03
1.407448948000000000e+09 1.407216118477674961e+09 3.397982166700000306e+01 -1.178862716670000026e+02 0.000000000000000000e+00 3.340000000000000191e-01 0.000000000000000000e+00 7.171999999999999886e+01 1.607799999999999940e+01 3.585900000000000176e+01 2.080680000000000121e+02 5.000000000000000104e-03
1.407448949000000000e+09 1.407216119489721060e+09 3.397982166700000306e+01 -1.178862716670000026e+02 0.000000000000000000e+00 4.420000000000000040e-01 0.000000000000000000e+00 7.171999999999999886e+01 1.607799999999999940e+01 3.585900000000000176e+01 2.276999999999999957e+01 5.000000000000000104e-03
1.407448950000000000e+09 1.407216120480359077e+09 3.397981833299999721e+01 -1.178862699999999961e+02 0.000000000000000000e+00 4.779999999999999805e-01 0.000000000000000000e+00 7.171999999999999886e+01 1.607799999999999940e+01 3.585900000000000176e+01 2.276999999999999957e+01 5.000000000000000104e-03
1.407448951000000000e+09 1.407216121520369053e+09 3.397981833299999721e+01 -1.178862699999999961e+02 0.000000000000000000e+00 4.989999999999999991e-01 -1.000000000000000056e-01 7.171999999999999886e+01 1.607799999999999940e+01 3.585900000000000176e+01 2.276999999999999957e+01 5.000000000000000104e-03
0.000000000000000000e+00 1.407216122555922985e+09 0.000000000000000000e+00 0.000000000000000000e+00 0.000000000000000000e+00 0.000000000000000000e+00 0.000000000000000000e+00 0.000000000000000000e+00 0.000000000000000000e+00 0.000000000000000000e+00 0.000000000000000000e+00 0.000000000000000000e+00
1.407448952000000000e+09 1.407216122635405064e+09 3.397981999999999658e+01 -1.178862683330000038e+02 0.000000000000000000e+00 5.350000000000000311e-01 -1.000000000000000056e-01 7.171999999999999886e+01 1.607799999999999940e+01 3.585900000000000176e+01 2.276999999999999957e+01 5.000000000000000104e-03
1.407448953000000000e+09 1.407216123474462032e+09 3.397981999999999658e+01 -1.178862649999999945e+02 0.000000000000000000e+00 6.219999999999999973e-01 0.000000000000000000e+00 7.171999999999999886e+01 1.607799999999999940e+01 3.585900000000000176e+01 2.080680000000000121e+02 5.000000000000000104e-03
1.407448954000000000e+09 1.407216124478889942e+09 3.397981999999999658e+01 -1.178862599999999929e+02 0.000000000000000000e+00 6.069999999999999840e-01 -1.000000000000000056e-01 7.171999999999999886e+01 1.607799999999999940e+01 3.585900000000000176e+01 2.276999999999999957e+01 5.000000000000000104e-03
1.407448955000000000e+09 1.407216125469130039e+09 3.397981999999999658e+01 -1.178862583330000007e+02 0.000000000000000000e+00 3.810000000000000053e-01 0.000000000000000000e+00 7.171999999999999886e+01 1.607799999999999940e+01 3.585900000000000176e+01 2.276999999999999957e+01 5.000000000000000104e-03
1.407448956000000000e+09 1.407216126479257107e+09 3.397981999999999658e+01 -1.178862616669999994e+02 0.000000000000000000e+00 2.469999999999999973e-01 -1.000000000000000056e-01 7.171999999999999886e+01 1.607799999999999940e+01 3.585900000000000176e+01 2.276999999999999957e+01 5.000000000000000104e-03
0.000000000000000000e+00 1.407216127504718065e+09 0.000000000000000000e+00 0.000000000000000000e+00 0.000000000000000000e+00 0.000000000000000000e+00 0.000000000000000000e+00 0.000000000000000000e+00 0.000000000000000000e+00 0.000000000000000000e+00 0.000000000000000000e+00 0.000000000000000000e+00
1.407448957000000000e+09 1.407216127583404064e+09 3.397981666700000147e+01 -1.178862599999999929e+02 0.000000000000000000e+00 2.829999999999999738e-01 0.000000000000000000e+00 7.171999999999999886e+01 1.607799999999999940e+01 3.585900000000000176e+01 2.276999999999999957e+01 5.000000000000000104e-03
1.407448958000000000e+09 1.407216128540183067e+09 3.397981833299999721e+01 -1.178862583330000007e+02 0.000000000000000000e+00 2.620000000000000107e-01 -1.000000000000000056e-01 7.171999999999999886e+01 1.607799999999999940e+01 3.585900000000000176e+01 2.080680000000000121e+02 5.000000000000000104e-03
1.407448959000000000e+09 1.407216129487819910e+09 3.397981666700000147e+01 -1.178862550000000056e+02 0.000000000000000000e+00 2.780000000000000249e-01 0.000000000000000000e+00 7.171999999999999886e+01 1.607799999999999940e+01 3.585900000000000176e+01 2.276999999999999957e+01 5.000000000000000104e-03
1.407448960000000000e+09 1.407216130468508005e+09 3.397981833299999721e+01 -1.178862550000000056e+02 0.000000000000000000e+00 3.039999999999999925e-01 0.000000000000000000e+00 7.171999999999999886e+01 1.607799999999999940e+01 3.585900000000000176e+01 2.276999999999999957e+01 5.000000000000000104e-03
1.407448961000000000e+09 1.407216131466960907e+09 3.397982333299999880e+01 -1.178862550000000056e+02 0.000000000000000000e+00 2.109999999999999931e-01 0.000000000000000000e+00 7.171999999999999886e+01 1.607799999999999940e+01 3.585900000000000176e+01 2.276999999999999957e+01 5.000000000000000104e-03
0.000000000000000000e+00 1.407216132513463974e+09 0.000000000000000000e+00 0.000000000000000000e+00 0.000000000000000000e+00 0.000000000000000000e+00 0.000000000000000000e+00 0.000000000000000000e+00 0.000000000000000000e+00 0.000000000000000000e+00 0.000000000000000000e+00 0.000000000000000000e+00
1.407448962000000000e+09 1.407216132591264963e+09 3.397981999999999658e+01 -1.178862566669999978e+02 0.000000000000000000e+00 3.860000000000000098e-01 0.000000000000000000e+00 7.171999999999999886e+01 1.607799999999999940e+01 3.585900000000000176e+01 2.276999999999999957e+01 5.000000000000000104e-03
1.407448963000000000e+09 1.407216133480158091e+09 3.397982333299999880e+01 -1.178862566669999978e+02 0.000000000000000000e+00 3.649999999999999911e-01 0.000000000000000000e+00 7.171999999999999886e+01 1.607799999999999940e+01 3.585900000000000176e+01 2.080680000000000121e+02 5.000000000000000104e-03
1.407448964000000000e+09 1.407216134559870005e+09 3.397982333299999880e+01 -1.178862566669999978e+02 0.000000000000000000e+00 3.449999999999999734e-01 -1.000000000000000056e-01 7.171999999999999886e+01 1.607799999999999940e+01 3.585900000000000176e+01 2.276999999999999957e+01 5.000000000000000104e-03
1.407448965000000000e+09 1.407216135478950977e+09 3.397982166700000306e+01 -1.178862566669999978e+02 0.000000000000000000e+00 3.549999999999999822e-01 0.000000000000000000e+00 7.171999999999999886e+01 1.607799999999999940e+01 3.585900000000000176e+01 2.276999999999999957e+01 5.000000000000000104e-03
1.407448966000000000e+09 1.407216136476936102e+09 3.397981999999999658e+01 -1.178862566669999978e+02 0.000000000000000000e+00 3.599999999999999867e-01 -1.000000000000000056e-01 7.171999999999999886e+01 1.607799999999999940e+01 3.585900000000000176e+01 2.276999999999999957e+01 5.000000000000000104e-03
0.000000000000000000e+00 1.407216137525794029e+09 0.000000000000000000e+00 0.000000000000000000e+00 0.000000000000000000e+00 0.000000000000000000e+00 0.000000000000000000e+00 0.000000000000000000e+00 0.000000000000000000e+00 0.000000000000000000e+00 0.000000000000000000e+00 0.000000000000000000e+00
1.407448967000000000e+09 1.407216137597527981e+09 3.397981666700000147e+01 -1.178862533329999991e+02 0.000000000000000000e+00 4.420000000000000040e-01 0.000000000000000000e+00 7.171999999999999886e+01 1.607799999999999940e+01 3.585900000000000176e+01 2.276999999999999957e+01 5.000000000000000104e-03
1.407448968000000000e+09 1.407216138469213009e+09 3.397981500000000210e+01 -1.178862550000000056e+02 0.000000000000000000e+00 4.219999999999999862e-01 -1.000000000000000056e-01 6.948999999999999488e+01 3.363600000000000279e+01 2.893900000000000006e+01 4.356949999999999932e+02 5.000000000000000104e-03
1.407448969000000000e+09 1.407216139468046904e+09 3.397981666700000147e+01 -1.178862550000000056e+02 0.000000000000000000e+00 3.190000000000000058e-01 0.000000000000000000e+00 6.726999999999999602e+01 3.363600000000000279e+01 2.893900000000000006e+01 2.276999999999999957e+01 5.000000000000000104e-03
1.407448970000000000e+09 1.407216140478558064e+09 3.397981166699999989e+01 -1.178862550000000056e+02 0.000000000000000000e+00 4.169999999999999818e-01 -1.000000000000000056e-01 6.726999999999999602e+01 3.363600000000000279e+01 2.893900000000000006e+01 2.276999999999999957e+01 5.000000000000000104e-03
1.407448971000000000e+09 1.407216141473123074e+09 3.397981166699999989e+01 -1.178862566669999978e+02 0.000000000000000000e+00 2.879999999999999782e-01 0.000000000000000000e+00 6.726999999999999602e+01 3.363600000000000279e+01 2.893900000000000006e+01 2.276999999999999957e+01 5.000000000000000104e-03
0.000000000000000000e+00 1.407216142575748920e+09 0.000000000000000000e+00 0.000000000000000000e+00 0.000000000000000000e+00 0.000000000000000000e+00 0.000000000000000000e+00 0.000000000000000000e+00 0.000000000000000000e+00 0.000000000000000000e+00 0.000000000000000000e+00 0.000000000000000000e+00
1.407448972000000000e+09 1.407216142651740074e+09 3.397981000000000051e+01 -1.178862550000000056e+02 0.000000000000000000e+00 2.879999999999999782e-01 0.000000000000000000e+00 6.726999999999999602e+01 3.363600000000000279e+01 2.893900000000000006e+01 2.276999999999999957e+01 5.000000000000000104e-03
1.407448973000000000e+09 1.407216143529114962e+09 3.397981000000000051e+01 -1.178862566669999978e+02 0.000000000000000000e+00 3.039999999999999925e-01 -1.000000000000000056e-01 6.726999999999999602e+01 3.363600000000000279e+01 2.893900000000000006e+01 4.356949999999999932e+02 5.000000000000000104e-03
1.407448974000000000e+09 1.407216144478904009e+09 3.397980833300000114e+01 -1.178862583330000007e+02 0.000000000000000000e+00 2.879999999999999782e-01 0.000000000000000000e+00 6.726999999999999602e+01 3.363600000000000279e+01 2.893900000000000006e+01 2.276999999999999957e+01 5.000000000000000104e-03
1.407448975000000000e+09 1.407216145468549967e+09 3.397980833300000114e+01 -1.178862583330000007e+02 0.000000000000000000e+00 3.089999999999999969e-01 0.000000000000000000e+00 6.726999999999999602e+01 3.363600000000000279e+01 2.893900000000000006e+01 2.276999999999999957e+01 5.000000000000000104e-03
1.407448976000000000e+09 1.407216146477168083e+09 3.397981833299999721e+01 -1.178862566669999978e+02 0.000000000000000000e+00 1.290000000000000036e-01 0.000000000000000000e+00 6.726999999999999602e+01 3.363600000000000279e+01 2.893900000000000006e+01 2.276999999999999957e+01 5.000000000000000104e-03
0.000000000000000000e+00 1.407216147533669949e+09 0.000000000000000000e+00 0.000000000000000000e+00 0.000000000000000000e+00 0.000000000000000000e+00 0.000000000000000000e+00 0.000000000000000000e+00 0.000000000000000000e+00 0.000000000000000000e+00 0.000000000000000000e+00 0.000000000000000000e+00
1.407448977000000000e+09 1.407216147609563112e+09 3.397981999999999658e+01 -1.178862550000000056e+02 0.000000000000000000e+00 1.029999999999999943e-01 0.000000000000000000e+00 6.726999999999999602e+01 3.363600000000000279e+01 2.893900000000000006e+01 2.276999999999999957e+01 5.000000000000000104e-03
1.407448978000000000e+09 1.407216148481645107e+09 3.397981999999999658e+01 -1.178862566669999978e+02 0.000000000000000000e+00 9.800000000000000377e-02 0.000000000000000000e+00 6.948999999999999488e+01 1.607799999999999940e+01 3.585900000000000176e+01 2.080680000000000121e+02 5.000000000000000104e-03
1.407448979000000000e+09 1.407216149538064003e+09 3.397981833299999721e+01 -1.178862550000000056e+02 0.000000000000000000e+00 1.290000000000000036e-01 0.000000000000000000e+00 7.171999999999999886e+01 1.607799999999999940e+01 3.585900000000000176e+01 2.276999999999999957e+01 5.000000000000000104e-03
1.407448980000000000e+09 1.407216150469364882e+09 3.397981666700000147e+01 -1.178862550000000056e+02 0.000000000000000000e+00 1.079999999999999988e-01 0.000000000000000000e+00 7.171999999999999886e+01 1.607799999999999940e+01 3.585900000000000176e+01 2.276999999999999957e+01 5.000000000000000104e-03
1.407448981000000000e+09 1.407216151477175951e+09 3.397981666700000147e+01 -1.178862550000000056e+02 0.000000000000000000e+00 1.079999999999999988e-01 0.000000000000000000e+00 7.171999999999999886e+01 1.607799999999999940e+01 3.585900000000000176e+01 2.276999999999999957e+01 5.000000000000000104e-03
0.000000000000000000e+00 1.407216152516974926e+09 0.000000000000000000e+00 0.000000000000000000e+00 0.000000000000000000e+00 0.000000000000000000e+00 0.000000000000000000e+00 0.000000000000000000e+00 0.000000000000000000e+00 0.000000000000000000e+00 0.000000000000000000e+00 0.000000000000000000e+00
1.407448982000000000e+09 1.407216152593955040e+09 3.397981500000000210e+01 -1.178862566669999978e+02 0.000000000000000000e+00 2.109999999999999931e-01 0.000000000000000000e+00 7.171999999999999886e+01 1.607799999999999940e+01 3.585900000000000176e+01 2.276999999999999957e+01 5.000000000000000104e-03
1.407448983000000000e+09 1.407216153482132912e+09 3.397981666700000147e+01 -1.178862583330000007e+02 0.000000000000000000e+00 3.290000000000000147e-01 0.000000000000000000e+00 7.171999999999999886e+01 1.607799999999999940e+01 3.585900000000000176e+01 2.080680000000000121e+02 5.000000000000000104e-03
1.407448984000000000e+09 1.407216154469153881e+09 3.397981833299999721e+01 -1.178862616669999994e+02 0.000000000000000000e+00 3.549999999999999822e-01 0.000000000000000000e+00 7.171999999999999886e+01 1.607799999999999940e+01 3.585900000000000176e+01 2.276999999999999957e+01 5.000000000000000104e-03
1.407448985000000000e+09 1.407216155530337095e+09 3.397982166700000306e+01 -1.178862633330000023e+02 0.000000000000000000e+00 3.499999999999999778e-01 0.000000000000000000e+00 7.171999999999999886e+01 1.607799999999999940e+01 3.585900000000000176e+01 2.276999999999999957e+01 5.000000000000000104e-03
1.407448986000000000e+09 1.407216156478408098e+09 3.397981999999999658e+01 -1.178862633330000023e+02 0.000000000000000000e+00 2.260000000000000064e-01 0.000000000000000000e+00 7.171999999999999886e+01 1.607799999999999940e+01 3.585900000000000176e+01 2.276999999999999957e+01 5.000000000000000104e-03
0.000000000000000000e+00 1.407216157518980980e+09 0.000000000000000000e+00 0.000000000000000000e+00 0.000000000000000000e+00 0.000000000000000000e+00 0.000000000000000000e+00 0.000000000000000000e+00 0.000000000000000000e+00 0.000000000000000000e+00 0.000000000000000000e+00 0.000000000000000000e+00
1.407448987000000000e+09 1.407216157594788074e+09 3.397982166700000306e+01 -1.178862649999999945e+02 0.000000000000000000e+00 1.950000000000000067e-01 0.000000000000000000e+00 7.171999999999999886e+01 1.607799999999999940e+01 3.585900000000000176e+01 2.276999999999999957e+01 5.000000000000000104e-03
1.407448988000000000e+09 1.407216158466403008e+09 3.397982166700000306e+01 -1.178862666670000010e+02 0.000000000000000000e+00 1.590000000000000024e-01 0.000000000000000000e+00 6.956999999999999318e+01 3.371600000000000108e+01 2.895700000000000074e+01 4.356519999999999868e+02 5.000000000000000104e-03
1.407448989000000000e+09 1.407216159486057997e+09 3.397982499999999817e+01 -1.178862666670000010e+02 0.000000000000000000e+00 1.340000000000000080e-01 0.000000000000000000e+00 6.743000000000000682e+01 3.371600000000000108e+01 2.895700000000000074e+01 2.276999999999999957e+01 5.000000000000000104e-03
1.407448990000000000e+09 1.407216160491708040e+09 3.397982499999999817e+01 -1.178862666670000010e+02 0.000000000000000000e+00 8.200000000000000344e-02 0.000000000000000000e+00 6.743000000000000682e+01 3.371600000000000108e+01 2.895700000000000074e+01 2.276999999999999957e+01 5.000000000000000104e-03
1.407448991000000000e+09 1.407216161489289999e+09 3.397982499999999817e+01 -1.178862666670000010e+02 0.000000000000000000e+00 4.100000000000000172e-02 0.000000000000000000e+00 6.743000000000000682e+01 3.371600000000000108e+01 2.895700000000000074e+01 2.044699999999999989e+02 5.000000000000000104e-03
0.000000000000000000e+00 1.407216162523674965e+09 0.000000000000000000e+00 0.000000000000000000e+00 0.000000000000000000e+00 0.000000000000000000e+00 0.000000000000000000e+00 0.000000000000000000e+00 0.000000000000000000e+00 0.000000000000000000e+00 0.000000000000000000e+00 0.000000000000000000e+00
1.407448992000000000e+09 1.407216162600517035e+09 3.397982499999999817e+01 -1.178862666670000010e+02 0.000000000000000000e+00 1.799999999999999933e-01 0.000000000000000000e+00 6.743000000000000682e+01 3.371600000000000108e+01 2.895700000000000074e+01 2.276999999999999957e+01 5.000000000000000104e-03
1.407448993000000000e+09 1.407216163539036036e+09 3.397982499999999817e+01 -1.178862649999999945e+02 0.000000000000000000e+00 5.450000000000000400e-01 0.000000000000000000e+00 6.953000000000000114e+01 1.605399999999999849e+01 3.581799999999999784e+01 2.100449999999999875e+02 5.000000000000000104e-03
1.407448994000000000e+09 1.407216164525393009e+09 3.397983166699999913e+01 -1.178862616669999994e+02 0.000000000000000000e+00 7.870000000000000329e-01 0.000000000000000000e+00 7.164000000000000057e+01 1.605399999999999849e+01 3.581799999999999784e+01 2.276999999999999957e+01 5.000000000000000104e-03
1.407448995000000000e+09 1.407216165480540991e+09 3.397982999999999976e+01 -1.178862566669999978e+02 0.000000000000000000e+00 7.670000000000000151e-01 0.000000000000000000e+00 7.164000000000000057e+01 1.605399999999999849e+01 3.581799999999999784e+01 2.276999999999999957e+01 5.000000000000000104e-03
1.407448996000000000e+09 1.407216166499258995e+09 3.397982333299999880e+01 -1.178862533329999991e+02 0.000000000000000000e+00 7.459999999999999964e-01 1.000000000000000056e-01 7.164000000000000057e+01 1.605399999999999849e+01 3.581799999999999784e+01 2.276999999999999957e+01 5.000000000000000104e-03
0.000000000000000000e+00 1.407216167521039963e+09 0.000000000000000000e+00 0.000000000000000000e+00 0.000000000000000000e+00 0.000000000000000000e+00 0.000000000000000000e+00 0.000000000000000000e+00 0.000000000000000000e+00 0.000000000000000000e+00 0.000000000000000000e+00 0.000000000000000000e+00
1.407448997000000000e+09 1.407216167597847939e+09 3.397981833299999721e+01 -1.178862483329999975e+02 0.000000000000000000e+00 7.459999999999999964e-01 0.000000000000000000e+00 7.164000000000000057e+01 1.605399999999999849e+01 3.581799999999999784e+01 2.276999999999999957e+01 5.000000000000000104e-03
1.407448998000000000e+09 1.407216168468167067e+09 3.397981166699999989e+01 -1.178862466669999947e+02 0.000000000000000000e+00 6.530000000000000249e-01 0.000000000000000000e+00 7.164000000000000057e+01 1.605399999999999849e+01 3.581799999999999784e+01 2.100449999999999875e+02 5.000000000000000104e-03
1.407448999000000000e+09 1.407216169476926088e+09 3.397981166699999989e+01 -1.178862450000000024e+02 0.000000000000000000e+00 4.939999999999999947e-01 0.000000000000000000e+00 7.164000000000000057e+01 1.605399999999999849e+01 3.581799999999999784e+01 2.276999999999999957e+01 5.000000000000000104e-03
1.407449000000000000e+09 1.407216170513130903e+09 3.397981500000000210e+01 -1.178862450000000024e+02 0.000000000000000000e+00 2.929999999999999827e-01 0.000000000000000000e+00 7.164000000000000057e+01 1.605399999999999849e+01 3.581799999999999784e+01 2.276999999999999957e+01 5.000000000000000104e-03
1.407449001000000000e+09 1.407216171449835062e+09 3.397981666700000147e+01 -1.178862433329999959e+02 0.000000000000000000e+00 2.780000000000000249e-01 0.000000000000000000e+00 7.164000000000000057e+01 1.605399999999999849e+01 3.581799999999999784e+01 2.276999999999999957e+01 5.000000000000000104e-03
0.000000000000000000e+00 1.407216172473393917e+09 0.000000000000000000e+00 0.000000000000000000e+00 0.000000000000000000e+00 0.000000000000000000e+00 0.000000000000000000e+00 0.000000000000000000e+00 0.000000000000000000e+00 0.000000000000000000e+00 0.000000000000000000e+00 0.000000000000000000e+00
1.407449002000000000e+09 1.407216172550628901e+09 3.397981999999999658e+01 -1.178862466669999947e+02 0.000000000000000000e+00 2.620000000000000107e-01 0.000000000000000000e+00 7.164000000000000057e+01 1.605399999999999849e+01 3.581799999999999784e+01 2.276999999999999957e+01 5.000000000000000104e-03
1.407449003000000000e+09 1.407216173455040932e+09 3.397982166700000306e+01 -1.178862500000000040e+02 0.000000000000000000e+00 2.780000000000000249e-01 0.000000000000000000e+00 7.164000000000000057e+01 1.605399999999999849e+01 3.581799999999999784e+01 2.100449999999999875e+02 5.000000000000000104e-03
1.407449004000000000e+09 1.407216174473015070e+09 3.397982333299999880e+01 -1.178862500000000040e+02 0.000000000000000000e+00 3.649999999999999911e-01 0.000000000000000000e+00 7.164000000000000057e+01 1.605399999999999849e+01 3.581799999999999784e+01 2.276999999999999957e+01 5.000000000000000104e-03
