0.000000000000000000e+00 1.407217975261255980e+09 0.000000000000000000e+00 0.000000000000000000e+00 0.000000000000000000e+00 0.000000000000000000e+00 0.000000000000000000e+00 0.000000000000000000e+00 0.000000000000000000e+00 0.000000000000000000e+00 0.000000000000000000e+00 0.000000000000000000e+00
1.408383335000000000e+09 1.407217975393655062e+09 3.397996166699999776e+01 -1.178863883329999993e+02 0.000000000000000000e+00 2.260000000000000064e-01 0.000000000000000000e+00 8.669999999999999929e+00 4.333000000000000185e+00 3.697000000000000064e+00 1.757400000000000162e+01 5.000000000000000104e-03
1.408383336000000000e+09 1.407217976370649099e+09 3.397996333300000060e+01 -1.178863900000000058e+02 0.000000000000000000e+00 2.109999999999999931e-01 0.000000000000000000e+00 8.669999999999999929e+00 4.333000000000000185e+00 3.697000000000000064e+00 5.461999999999999744e+00 5.000000000000000104e-03
1.408383337000000000e+09 1.407217977388163090e+09 3.397996333300000060e+01 -1.178863916669999981e+02 0.000000000000000000e+00 1.650000000000000078e-01 0.000000000000000000e+00 8.669999999999999929e+00 4.333000000000000185e+00 3.697000000000000064e+00 5.461999999999999744e+00 5.000000000000000104e-03
1.408383338000000000e+09 1.407217978399728060e+09 3.397996499999999997e+01 -1.178863933330000009e+02 0.000000000000000000e+00 1.130000000000000032e-01 0.000000000000000000e+00 8.669999999999999929e+00 4.333000000000000185e+00 3.697000000000000064e+00 5.461999999999999744e+00 5.000000000000000104e-03
0.000000000000000000e+00 1.407217979495424986e+09 0.000000000000000000e+00 0.000000000000000000e+00 0.000000000000000000e+00 0.000000000000000000e+00 0.000000000000000000e+00 0.000000000000000000e+00 0.000000000000000000e+00 0.000000000000000000e+00 0.000000000000000000e+00 0.000000000000000000e+00
1.408383339000000000e+09 1.407217979571350098e+09 3.397996499999999997e+01 -1.178863949999999932e+02 0.000000000000000000e+00 6.700000000000000400e-02 0.000000000000000000e+00 8.669999999999999929e+00 4.333000000000000185e+00 3.697000000000000064e+00 5.461999999999999744e+00 5.000000000000000104e-03
1.408383340000000000e+09 1.407217980389916897e+09 3.397996333300000060e+01 -1.178863949999999932e+02 0.000000000000000000e+00 9.299999999999999933e-02 0.000000000000000000e+00 8.669999999999999929e+00 4.333000000000000185e+00 3.697000000000000064e+00 1.757400000000000162e+01 5.000000000000000104e-03
1.408383341000000000e+09 1.407217981385588884e+09 3.397996333300000060e+01 -1.178863949999999932e+02 0.000000000000000000e+00 9.299999999999999933e-02 0.000000000000000000e+00 8.669999999999999929e+00 4.333000000000000185e+00 3.697000000000000064e+00 5.461999999999999744e+00 5.000000000000000104e-03
1.408383342000000000e+09 1.407217982371243000e+09 3.397996166699999776e+01 -1.178863949999999932e+02 0.000000000000000000e+00 1.229999999999999982e-01 0.000000000000000000e+00 8.669999999999999929e+00 4.333000000000000185e+00 3.697000000000000064e+00 5.461999999999999744e+00 5.000000000000000104e-03
1.408383343000000000e+09 1.407217983430675983e+09 3.397996166699999776e+01 -1.178863949999999932e+02 0.000000000000000000e+00 9.299999999999999933e-02 0.000000000000000000e+00 8.669999999999999929e+00 4.333000000000000185e+00 3.697000000000000064e+00 5.461999999999999744e+00 5.000000000000000104e-03
0.000000000000000000e+00 1.407217984494956017e+09 0.000000000000000000e+00 0.000000000000000000e+00 0.000000000000000000e+00 0.000000000000000000e+00 0.000000000000000000e+00 0.000000000000000000e+00 0.000000000000000000e+00 0.000000000000000000e+00 0.000000000000000000e+00 0.000000000000000000e+00
1.408383344000000000e+09 1.407217984573616982e+09 3.397995999999999839e+01 -1.178863933330000009e+02 0.000000000000000000e+00 3.599999999999999728e-02 0.000000000000000000e+00 8.669999999999999929e+00 4.333000000000000185e+00 3.697000000000000064e+00 5.461999999999999744e+00 5.000000000000000104e-03
1.408383345000000000e+09 1.407217985397358894e+09 3.397995999999999839e+01 -1.178863933330000009e+02 0.000000000000000000e+00 5.099999999999999672e-02 0.000000000000000000e+00 8.669999999999999929e+00 4.333000000000000185e+00 3.697000000000000064e+00 1.757400000000000162e+01 5.000000000000000104e-03
1.408383346000000000e+09 1.407217986394929886e+09 3.397996166699999776e+01 -1.178863933330000009e+02 0.000000000000000000e+00 5.099999999999999672e-02 0.000000000000000000e+00 8.669999999999999929e+00 4.333000000000000185e+00 3.697000000000000064e+00 5.461999999999999744e+00 5.000000000000000104e-03
1.408383347000000000e+09 1.407217987396780968e+09 3.397996166699999776e+01 -1.178863949999999932e+02 0.000000000000000000e+00 8.200000000000000344e-02 0.000000000000000000e+00 8.669999999999999929e+00 4.333000000000000185e+00 3.697000000000000064e+00 1.673300000000000054e+01 5.000000000000000104e-03
1.408383348000000000e+09 1.407217988395100117e+09 3.397996166699999776e+01 -1.178863949999999932e+02 0.000000000000000000e+00 7.199999999999999456e-02 0.000000000000000000e+00 8.669999999999999929e+00 4.333000000000000185e+00 3.697000000000000064e+00 5.461999999999999744e+00 5.000000000000000104e-03
0.000000000000000000e+00 1.407217989544485092e+09 0.000000000000000000e+00 0.000000000000000000e+00 0.000000000000000000e+00 0.000000000000000000e+00 0.000000000000000000e+00 0.000000000000000000e+00 0.000000000000000000e+00 0.000000000000000000e+00 0.000000000000000000e+00 0.000000000000000000e+00
1.408383349000000000e+09 1.407217989620024920e+09 3.397996166699999776e+01 -1.178863949999999932e+02 0.000000000000000000e+00 6.700000000000000400e-02 0.000000000000000000e+00 8.669999999999999929e+00 4.333000000000000185e+00 3.697000000000000064e+00 5.461999999999999744e+00 5.000000000000000104e-03
1.408383350000000000e+09 1.407217990436463118e+09 3.397995999999999839e+01 -1.178863949999999932e+02 0.000000000000000000e+00 8.699999999999999400e-02 0.000000000000000000e+00 8.669999999999999929e+00 4.333000000000000185e+00 3.697000000000000064e+00 1.757400000000000162e+01 5.000000000000000104e-03
1.408383351000000000e+09 1.407217991452332020e+09 3.397995999999999839e+01 -1.178863949999999932e+02 0.000000000000000000e+00 8.699999999999999400e-02 0.000000000000000000e+00 8.669999999999999929e+00 4.333000000000000185e+00 3.697000000000000064e+00 5.461999999999999744e+00 5.000000000000000104e-03
1.408383352000000000e+09 1.407217992441349030e+09 3.397995833299999902e+01 -1.178863949999999932e+02 0.000000000000000000e+00 9.299999999999999933e-02 0.000000000000000000e+00 8.669999999999999929e+00 4.333000000000000185e+00 3.697000000000000064e+00 5.461999999999999744e+00 5.000000000000000104e-03
1.408383353000000000e+09 1.407217993359473944e+09 3.397995833299999902e+01 -1.178863949999999932e+02 0.000000000000000000e+00 7.699999999999999900e-02 0.000000000000000000e+00 8.669999999999999929e+00 4.333000000000000185e+00 3.697000000000000064e+00 5.461999999999999744e+00 5.000000000000000104e-03
0.000000000000000000e+00 1.407217994477706909e+09 0.000000000000000000e+00 0.000000000000000000e+00 0.000000000000000000e+00 0.000000000000000000e+00 0.000000000000000000e+00 0.000000000000000000e+00 0.000000000000000000e+00 0.000000000000000000e+00 0.000000000000000000e+00 0.000000000000000000e+00
1.408383354000000000e+09 1.407217994553097010e+09 3.397995666700000328e+01 -1.178863949999999932e+02 0.000000000000000000e+00 8.200000000000000344e-02 0.000000000000000000e+00 8.669999999999999929e+00 4.333000000000000185e+00 3.697000000000000064e+00 5.461999999999999744e+00 5.000000000000000104e-03
1.408383355000000000e+09 1.407217995379596949e+09 3.397995666700000328e+01 -1.178863949999999932e+02 0.000000000000000000e+00 1.439999999999999891e-01 0.000000000000000000e+00 8.669999999999999929e+00 4.333000000000000185e+00 3.697000000000000064e+00 1.757400000000000162e+01 5.000000000000000104e-03
1.408383356000000000e+09 1.407217996379513025e+09 3.397995666700000328e+01 -1.178863966669999996e+02 0.000000000000000000e+00 1.489999999999999936e-01 0.000000000000000000e+00 8.669999999999999929e+00 4.333000000000000185e+00 3.697000000000000064e+00 5.461999999999999744e+00 5.000000000000000104e-03
1.408383357000000000e+09 1.407217997371017933e+09 3.397995833299999902e+01 -1.178863983330000025e+02 0.000000000000000000e+00 1.900000000000000022e-01 0.000000000000000000e+00 8.669999999999999929e+00 4.333000000000000185e+00 3.697000000000000064e+00 5.461999999999999744e+00 5.000000000000000104e-03
1.408383358000000000e+09 1.407217998388304949e+09 3.397995833299999902e+01 -1.178863999999999947e+02 0.000000000000000000e+00 2.929999999999999827e-01 0.000000000000000000e+00 8.669999999999999929e+00 4.333000000000000185e+00 3.697000000000000064e+00 5.461999999999999744e+00 5.000000000000000104e-03
0.000000000000000000e+00 1.407217999504811049e+09 0.000000000000000000e+00 0.000000000000000000e+00 0.000000000000000000e+00 0.000000000000000000e+00 0.000000000000000000e+00 0.000000000000000000e+00 0.000000000000000000e+00 0.000000000000000000e+00 0.000000000000000000e+00 0.000000000000000000e+00
1.408383359000000000e+09 1.407217999578506947e+09 3.397995999999999839e+01 -1.178864033330000041e+02 0.000000000000000000e+00 3.649999999999999911e-01 0.000000000000000000e+00 8.669999999999999929e+00 4.333000000000000185e+00 3.697000000000000064e+00 5.461999999999999744e+00 5.000000000000000104e-03
1.408383360000000000e+09 1.407218000377964020e+09 3.397996499999999997e+01 -1.178864066670000028e+02 0.000000000000000000e+00 3.810000000000000053e-01 0.000000000000000000e+00 8.660000000000000142e+00 4.328999999999999737e+00 3.698999999999999844e+00 1.756400000000000006e+01 5.000000000000000104e-03
1.408383361000000000e+09 1.407218001377722979e+09 3.397996666699999935e+01 -1.178864116670000044e+02 0.000000000000000000e+00 3.810000000000000053e-01 1.000000000000000056e-01 8.660000000000000142e+00 4.328999999999999737e+00 3.698999999999999844e+00 5.461999999999999744e+00 5.000000000000000104e-03
1.408383362000000000e+09 1.407218002368680954e+09 3.397996833300000219e+01 -1.178864149999999995e+02 0.000000000000000000e+00 3.810000000000000053e-01 0.000000000000000000e+00 8.660000000000000142e+00 4.328999999999999737e+00 3.698999999999999844e+00 5.461999999999999744e+00 5.000000000000000104e-03
1.408383363000000000e+09 1.407218003381136894e+09 3.397996833300000219e+01 -1.178864149999999995e+02 0.000000000000000000e+00 3.499999999999999778e-01 1.000000000000000056e-01 8.660000000000000142e+00 4.328999999999999737e+00 3.698999999999999844e+00 5.461999999999999744e+00 5.000000000000000104e-03
0.000000000000000000e+00 1.407218004534912109e+09 0.000000000000000000e+00 0.000000000000000000e+00 0.000000000000000000e+00 0.000000000000000000e+00 0.000000000000000000e+00 0.000000000000000000e+00 0.000000000000000000e+00 0.000000000000000000e+00 0.000000000000000000e+00 0.000000000000000000e+00
1.408383364000000000e+09 1.407218004611725092e+09 3.397997000000000156e+01 -1.178864133329999930e+02 0.000000000000000000e+00 2.520000000000000018e-01 1.000000000000000056e-01 8.660000000000000142e+00 4.328999999999999737e+00 3.698999999999999844e+00 5.461999999999999744e+00 5.000000000000000104e-03
1.408383365000000000e+09 1.407218005388951063e+09 3.397997166700000093e+01 -1.178864166670000060e+02 0.000000000000000000e+00 2.369999999999999885e-01 0.000000000000000000e+00 8.660000000000000142e+00 4.328999999999999737e+00 3.698999999999999844e+00 1.756400000000000006e+01 5.000000000000000104e-03
1.408383366000000000e+09 1.407218006379103899e+09 3.397997166700000093e+01 -1.178864166670000060e+02 0.000000000000000000e+00 2.109999999999999931e-01 1.000000000000000056e-01 8.660000000000000142e+00 4.328999999999999737e+00 3.698999999999999844e+00 5.461999999999999744e+00 5.000000000000000104e-03
1.408383367000000000e+09 1.407218007396415949e+09 3.397997000000000156e+01 -1.178864133329999930e+02 0.000000000000000000e+00 1.029999999999999943e-01 1.000000000000000056e-01 8.660000000000000142e+00 4.328999999999999737e+00 3.698999999999999844e+00 5.461999999999999744e+00 5.000000000000000104e-03
1.408383368000000000e+09 1.407218008368660927e+09 3.397997166700000093e+01 -1.178864133329999930e+02 0.000000000000000000e+00 4.599999999999999922e-02 0.000000000000000000e+00 8.660000000000000142e+00 4.328999999999999737e+00 3.698999999999999844e+00 5.461999999999999744e+00 5.000000000000000104e-03
0.000000000000000000e+00 1.407218009493912935e+09 0.000000000000000000e+00 0.000000000000000000e+00 0.000000000000000000e+00 0.000000000000000000e+00 0.000000000000000000e+00 0.000000000000000000e+00 0.000000000000000000e+00 0.000000000000000000e+00 0.000000000000000000e+00 0.000000000000000000e+00
1.408383369000000000e+09 1.407218009568553925e+09 3.397997166700000093e+01 -1.178864133329999930e+02 0.000000000000000000e+00 1.179999999999999938e-01 0.000000000000000000e+00 8.660000000000000142e+00 4.328999999999999737e+00 3.698999999999999844e+00 5.461999999999999744e+00 5.000000000000000104e-03
1.408383370000000000e+09 1.407218010377592087e+09 3.397997000000000156e+01 -1.178864133329999930e+02 0.000000000000000000e+00 1.590000000000000024e-01 0.000000000000000000e+00 8.660000000000000142e+00 4.328999999999999737e+00 3.698999999999999844e+00 1.756400000000000006e+01 5.000000000000000104e-03
1.408383371000000000e+09 1.407218011450756073e+09 3.397997000000000156e+01 -1.178864133329999930e+02 0.000000000000000000e+00 1.799999999999999933e-01 0.000000000000000000e+00 8.660000000000000142e+00 4.328999999999999737e+00 3.698999999999999844e+00 5.461999999999999744e+00 5.000000000000000104e-03
1.408383372000000000e+09 1.407218012393610001e+09 3.397996833300000219e+01 -1.178864116670000044e+02 0.000000000000000000e+00 1.749999999999999889e-01 0.000000000000000000e+00 8.660000000000000142e+00 4.328999999999999737e+00 3.698999999999999844e+00 5.461999999999999744e+00 5.000000000000000104e-03
1.408383373000000000e+09 1.407218013401865959e+09 3.397996666699999935e+01 -1.178864116670000044e+02 0.000000000000000000e+00 1.950000000000000067e-01 0.000000000000000000e+00 8.660000000000000142e+00 4.328999999999999737e+00 3.698999999999999844e+00 5.461999999999999744e+00 5.000000000000000104e-03
0.000000000000000000e+00 1.407218014542603016e+09 0.000000000000000000e+00 0.000000000000000000e+00 0.000000000000000000e+00 0.000000000000000000e+00 0.000000000000000000e+00 0.000000000000000000e+00 0.000000000000000000e+00 0.000000000000000000e+00 0.000000000000000000e+00 0.000000000000000000e+00
1.408383374000000000e+09 1.407218014620198965e+09 3.397996499999999997e+01 -1.178864116670000044e+02 0.000000000000000000e+00 1.799999999999999933e-01 0.000000000000000000e+00 8.660000000000000142e+00 4.328999999999999737e+00 3.698999999999999844e+00 5.461999999999999744e+00 5.000000000000000104e-03
1.408383375000000000e+09 1.407218015396915913e+09 3.397996333300000060e+01 -1.178864099999999979e+02 0.000000000000000000e+00 1.900000000000000022e-01 0.000000000000000000e+00 8.660000000000000142e+00 4.328999999999999737e+00 3.698999999999999844e+00 1.756400000000000006e+01 5.000000000000000104e-03
1.408383376000000000e+09 1.407218016381474972e+09 3.397996166699999776e+01 -1.178864083330000057e+02 0.000000000000000000e+00 1.439999999999999891e-01 0.000000000000000000e+00 8.660000000000000142e+00 4.328999999999999737e+00 3.698999999999999844e+00 5.461999999999999744e+00 5.000000000000000104e-03
1.408383377000000000e+09 1.407218017377052069e+09 3.397996166699999776e+01 -1.178864066670000028e+02 0.000000000000000000e+00 1.229999999999999982e-01 0.000000000000000000e+00 8.660000000000000142e+00 4.328999999999999737e+00 3.698999999999999844e+00 5.461999999999999744e+00 5.000000000000000104e-03
1.408383378000000000e+09 1.407218018378638029e+09 3.397995999999999839e+01 -1.178864066670000028e+02 0.000000000000000000e+00 3.599999999999999728e-02 0.000000000000000000e+00 8.660000000000000142e+00 4.328999999999999737e+00 3.698999999999999844e+00 5.461999999999999744e+00 5.000000000000000104e-03
0.000000000000000000e+00 1.407218019456867933e+09 0.000000000000000000e+00 0.000000000000000000e+00 0.000000000000000000e+00 0.000000000000000000e+00 0.000000000000000000e+00 0.000000000000000000e+00 0.000000000000000000e+00 0.000000000000000000e+00 0.000000000000000000e+00 0.000000000000000000e+00
1.408383379000000000e+09 1.407218019532685041e+09 3.397995999999999839e+01 -1.178864049999999963e+02 0.000000000000000000e+00 7.199999999999999456e-02 0.000000000000000000e+00 8.660000000000000142e+00 4.328999999999999737e+00 3.698999999999999844e+00 5.461999999999999744e+00 5.000000000000000104e-03
1.408383380000000000e+09 1.407218020383428097e+09 3.397996166699999776e+01 -1.178864066670000028e+02 0.000000000000000000e+00 1.290000000000000036e-01 0.000000000000000000e+00 8.660000000000000142e+00 4.328999999999999737e+00 3.698999999999999844e+00 1.756400000000000006e+01 5.000000000000000104e-03
1.408383381000000000e+09 1.407218021390321970e+09 3.397996166699999776e+01 -1.178864066670000028e+02 0.000000000000000000e+00 1.650000000000000078e-01 1.000000000000000056e-01 8.660000000000000142e+00 4.328999999999999737e+00 3.698999999999999844e+00 5.461999999999999744e+00 5.000000000000000104e-03
1.408383382000000000e+09 1.407218022381522894e+09 3.397996333300000060e+01 -1.178864066670000028e+02 0.000000000000000000e+00 2.369999999999999885e-01 0.000000000000000000e+00 8.660000000000000142e+00 4.328999999999999737e+00 3.698999999999999844e+00 5.461999999999999744e+00 5.000000000000000104e-03
1.408383383000000000e+09 1.407218023389916897e+09 3.397996499999999997e+01 -1.178864083330000057e+02 0.000000000000000000e+00 2.520000000000000018e-01 0.000000000000000000e+00 8.660000000000000142e+00 4.328999999999999737e+00 3.698999999999999844e+00 5.461999999999999744e+00 5.000000000000000104e-03
0.000000000000000000e+00 1.407218024457681894e+09 0.000000000000000000e+00 0.000000000000000000e+00 0.000000000000000000e+00 0.000000000000000000e+00 0.000000000000000000e+00 0.000000000000000000e+00 0.000000000000000000e+00 0.000000000000000000e+00 0.000000000000000000e+00 0.000000000000000000e+00
1.408383384000000000e+09 1.407218024537054062e+09 3.397996833300000219e+01 -1.178864099999999979e+02 0.000000000000000000e+00 2.620000000000000107e-01 0.000000000000000000e+00 8.660000000000000142e+00 4.328999999999999737e+00 3.698999999999999844e+00 5.461999999999999744e+00 5.000000000000000104e-03
1.408383385000000000e+09 1.407218025430089951e+09 3.397997000000000156e+01 -1.178864099999999979e+02 0.000000000000000000e+00 2.260000000000000064e-01 0.000000000000000000e+00 8.660000000000000142e+00 4.328999999999999737e+00 3.698999999999999844e+00 1.756400000000000006e+01 5.000000000000000104e-03
1.408383386000000000e+09 1.407218026372131109e+09 3.397997166700000093e+01 -1.178864099999999979e+02 0.000000000000000000e+00 1.950000000000000067e-01 0.000000000000000000e+00 8.660000000000000142e+00 4.328999999999999737e+00 3.698999999999999844e+00 5.461999999999999744e+00 5.000000000000000104e-03
1.408383387000000000e+09 1.407218027381494999e+09 3.397997333299999667e+01 -1.178864099999999979e+02 0.000000000000000000e+00 1.229999999999999982e-01 1.000000000000000056e-01 8.660000000000000142e+00 4.328999999999999737e+00 3.698999999999999844e+00 1.661700000000000088e+01 5.000000000000000104e-03
1.408383388000000000e+09 1.407218028362257004e+09 3.397997500000000315e+01 -1.178864099999999979e+02 0.000000000000000000e+00 1.489999999999999936e-01 0.000000000000000000e+00 8.660000000000000142e+00 4.328999999999999737e+00 3.698999999999999844e+00 1.661700000000000088e+01 5.000000000000000104e-03
0.000000000000000000e+00 1.407218029464679956e+09 0.000000000000000000e+00 0.000000000000000000e+00 0.000000000000000000e+00 0.000000000000000000e+00 0.000000000000000000e+00 0.000000000000000000e+00 0.000000000000000000e+00 0.000000000000000000e+00 0.000000000000000000e+00 0.000000000000000000e+00
1.408383389000000000e+09 1.407218029542387009e+09 3.397997500000000315e+01 -1.178864099999999979e+02 0.000000000000000000e+00 1.390000000000000124e-01 0.000000000000000000e+00 8.660000000000000142e+00 4.328999999999999737e+00 3.698999999999999844e+00 1.661700000000000088e+01 5.000000000000000104e-03
1.408383390000000000e+09 1.407218030344933033e+09 3.397997666700000252e+01 -1.178864083330000057e+02 0.000000000000000000e+00 1.650000000000000078e-01 0.000000000000000000e+00 8.660000000000000142e+00 4.328999999999999737e+00 3.698999999999999844e+00 1.756400000000000006e+01 5.000000000000000104e-03
1.408383391000000000e+09 1.407218031342482090e+09 3.397997833299999826e+01 -1.178864083330000057e+02 0.000000000000000000e+00 2.159999999999999976e-01 0.000000000000000000e+00 8.660000000000000142e+00 4.328999999999999737e+00 3.698999999999999844e+00 5.461999999999999744e+00 5.000000000000000104e-03
1.408383392000000000e+09 1.407218032392220020e+09 3.397997999999999763e+01 -1.178864083330000057e+02 0.000000000000000000e+00 2.879999999999999782e-01 0.000000000000000000e+00 8.660000000000000142e+00 4.328999999999999737e+00 3.698999999999999844e+00 5.461999999999999744e+00 5.000000000000000104e-03
1.408383393000000000e+09 1.407218033392726898e+09 3.397998166699999700e+01 -1.178864066670000028e+02 0.000000000000000000e+00 3.140000000000000013e-01 1.000000000000000056e-01 8.660000000000000142e+00 4.328999999999999737e+00 3.698999999999999844e+00 1.661700000000000088e+01 5.000000000000000104e-03
