1.408384871000000000e+09 1.407219511533699989e+09 3.397988333299999653e+01 -1.178863816669999949e+02 0.000000000000000000e+00 2.879999999999999782e-01 0.000000000000000000e+00 0.000000000000000000e+00 0.000000000000000000e+00 0.000000000000000000e+00 4.830000000000000071e+00 5.000000000000000104e-03
1.408384872000000000e+09 1.407219512447165012e+09 3.397988166700000079e+01 -1.178863850000000042e+02 0.000000000000000000e+00 2.829999999999999738e-01 -1.000000000000000056e-01 0.000000000000000000e+00 0.000000000000000000e+00 0.000000000000000000e+00 4.830000000000000071e+00 5.000000000000000104e-03
0.000000000000000000e+00 1.407219512538331032e+09 0.000000000000000000e+00 0.000000000000000000e+00 0.000000000000000000e+00 0.000000000000000000e+00 0.000000000000000000e+00 0.000000000000000000e+00 0.000000000000000000e+00 0.000000000000000000e+00 0.000000000000000000e+00 0.000000000000000000e+00
0.000000000000000000e+00 1.407219513257213116e+09 0.000000000000000000e+00 0.000000000000000000e+00 0.000000000000000000e+00 0.000000000000000000e+00 0.000000000000000000e+00 0.000000000000000000e+00 0.000000000000000000e+00 0.000000000000000000e+00 0.000000000000000000e+00 0.000000000000000000e+00
1.408384873000000000e+09 1.407219513396922112e+09 3.397988333299999653e+01 -1.178863816669999949e+02 0.000000000000000000e+00 2.570000000000000062e-01 0.000000000000000000e+00 0.000000000000000000e+00 0.000000000000000000e+00 0.000000000000000000e+00 4.830000000000000071e+00 5.000000000000000104e-03
0.000000000000000000e+00 1.407219514541300058e+09 0.000000000000000000e+00 0.000000000000000000e+00 0.000000000000000000e+00 0.000000000000000000e+00 0.000000000000000000e+00 0.000000000000000000e+00 0.000000000000000000e+00 0.000000000000000000e+00 0.000000000000000000e+00 0.000000000000000000e+00
1.408384874000000000e+09 1.407219514615922928e+09 3.397988166700000079e+01 -1.178863850000000042e+02 0.000000000000000000e+00 1.539999999999999980e-01 0.000000000000000000e+00 0.000000000000000000e+00 2.293000000000000149e+00 2.447000000000000064e+00 8.970000000000000639e+00 5.000000000000000104e-03
1.408384875000000000e+09 1.407219515392568111e+09 3.397988333299999653e+01 -1.178863833329999977e+02 0.000000000000000000e+00 1.390000000000000124e-01 0.000000000000000000e+00 4.889999999999999680e+00 2.293000000000000149e+00 2.447000000000000064e+00 8.986000000000000654e+00 5.000000000000000104e-03
1.408384876000000000e+09 1.407219516390887022e+09 3.397988333299999653e+01 -1.178863833329999977e+02 0.000000000000000000e+00 1.340000000000000080e-01 0.000000000000000000e+00 4.889999999999999680e+00 2.293000000000000149e+00 2.447000000000000064e+00 4.830000000000000071e+00 5.000000000000000104e-03
1.408384877000000000e+09 1.407219517444681883e+09 3.397988500000000300e+01 -1.178863816669999949e+02 0.000000000000000000e+00 1.340000000000000080e-01 0.000000000000000000e+00 4.889999999999999680e+00 2.293000000000000149e+00 2.447000000000000064e+00 4.830000000000000071e+00 5.000000000000000104e-03
1.408384878000000000e+09 1.407219518403943062e+09 3.397988666700000238e+01 -1.178863816669999949e+02 0.000000000000000000e+00 1.539999999999999980e-01 0.000000000000000000e+00 4.889999999999999680e+00 2.293000000000000149e+00 2.447000000000000064e+00 4.830000000000000071e+00 5.000000000000000104e-03
0.000000000000000000e+00 1.407219519528404951e+09 0.000000000000000000e+00 0.000000000000000000e+00 0.000000000000000000e+00 0.000000000000000000e+00 0.000000000000000000e+00 0.000000000000000000e+00 0.000000000000000000e+00 0.000000000000000000e+00 0.000000000000000000e+00 0.000000000000000000e+00
1.408384879000000000e+09 1.407219519602907896e+09 3.397988666700000238e+01 -1.178863800000000026e+02 0.000000000000000000e+00 1.900000000000000022e-01 0.000000000000000000e+00 4.889999999999999680e+00 2.293000000000000149e+00 2.447000000000000064e+00 4.830000000000000071e+00 5.000000000000000104e-03
1.408384880000000000e+09 1.407219520468928099e+09 3.397988833299999811e+01 -1.178863800000000026e+02 0.000000000000000000e+00 1.849999999999999978e-01 0.000000000000000000e+00 4.889999999999999680e+00 2.293000000000000149e+00 2.447000000000000064e+00 8.986000000000000654e+00 5.000000000000000104e-03
1.408384881000000000e+09 1.407219521412126064e+09 3.397988999999999749e+01 -1.178863783329999961e+02 0.000000000000000000e+00 1.749999999999999889e-01 0.000000000000000000e+00 4.889999999999999680e+00 2.293000000000000149e+00 2.447000000000000064e+00 4.830000000000000071e+00 5.000000000000000104e-03
1.408384882000000000e+09 1.407219522415843964e+09 3.397989166699999686e+01 -1.178863783329999961e+02 0.000000000000000000e+00 1.700000000000000122e-01 0.000000000000000000e+00 4.889999999999999680e+00 2.293000000000000149e+00 2.447000000000000064e+00 4.830000000000000071e+00 5.000000000000000104e-03
1.408384883000000000e+09 1.407219523374672890e+09 3.397989333299999970e+01 -1.178863783329999961e+02 0.000000000000000000e+00 2.419999999999999929e-01 0.000000000000000000e+00 4.889999999999999680e+00 2.293000000000000149e+00 2.447000000000000064e+00 8.970000000000000639e+00 5.000000000000000104e-03
0.000000000000000000e+00 1.407219524503109932e+09 0.000000000000000000e+00 0.000000000000000000e+00 0.000000000000000000e+00 0.000000000000000000e+00 0.000000000000000000e+00 0.000000000000000000e+00 0.000000000000000000e+00 0.000000000000000000e+00 0.000000000000000000e+00 0.000000000000000000e+00
1.408384884000000000e+09 1.407219524586538076e+09 3.397989499999999907e+01 -1.178863783329999961e+02 0.000000000000000000e+00 2.730000000000000204e-01 0.000000000000000000e+00 4.889999999999999680e+00 2.293000000000000149e+00 2.447000000000000064e+00 8.970000000000000639e+00 5.000000000000000104e-03
1.408384885000000000e+09 1.407219525391099930e+09 3.397989833300000129e+01 -1.178863800000000026e+02 0.000000000000000000e+00 2.369999999999999885e-01 0.000000000000000000e+00 4.889999999999999680e+00 2.293000000000000149e+00 2.447000000000000064e+00 8.986000000000000654e+00 5.000000000000000104e-03
1.408384886000000000e+09 1.407219526422399998e+09 3.397990000000000066e+01 -1.178863800000000026e+02 0.000000000000000000e+00 2.310000000000000109e-01 0.000000000000000000e+00 4.889999999999999680e+00 2.293000000000000149e+00 2.447000000000000064e+00 8.970000000000000639e+00 5.000000000000000104e-03
1.408384887000000000e+09 1.407219527398216009e+09 3.397990166700000003e+01 -1.178863800000000026e+02 0.000000000000000000e+00 2.109999999999999931e-01 0.000000000000000000e+00 4.889999999999999680e+00 2.293000000000000149e+00 2.447000000000000064e+00 8.970000000000000639e+00 5.000000000000000104e-03
1.408384888000000000e+09 1.407219528374608994e+09 3.397990333300000287e+01 -1.178863783329999961e+02 0.000000000000000000e+00 2.260000000000000064e-01 0.000000000000000000e+00 4.889999999999999680e+00 2.293000000000000149e+00 2.447000000000000064e+00 8.970000000000000639e+00 5.000000000000000104e-03
0.000000000000000000e+00 1.407219529487962008e+09 0.000000000000000000e+00 0.000000000000000000e+00 0.000000000000000000e+00 0.000000000000000000e+00 0.000000000000000000e+00 0.000000000000000000e+00 0.000000000000000000e+00 0.000000000000000000e+00 0.000000000000000000e+00 0.000000000000000000e+00
1.408384889000000000e+09 1.407219529563956022e+09 3.397990666700000162e+01 -1.178863783329999961e+02 0.000000000000000000e+00 2.520000000000000018e-01 0.000000000000000000e+00 4.889999999999999680e+00 2.293000000000000149e+00 2.447000000000000064e+00 8.970000000000000639e+00 5.000000000000000104e-03
1.408384890000000000e+09 1.407219530433731079e+09 3.397990833299999736e+01 -1.178863783329999961e+02 0.000000000000000000e+00 2.419999999999999929e-01 0.000000000000000000e+00 4.889999999999999680e+00 2.293000000000000149e+00 2.447000000000000064e+00 8.986000000000000654e+00 5.000000000000000104e-03
1.408384891000000000e+09 1.407219531421096087e+09 3.397990999999999673e+01 -1.178863783329999961e+02 0.000000000000000000e+00 2.210000000000000020e-01 1.000000000000000056e-01 4.889999999999999680e+00 2.293000000000000149e+00 2.447000000000000064e+00 8.970000000000000639e+00 5.000000000000000104e-03
1.408384892000000000e+09 1.407219532420481920e+09 3.397991166700000321e+01 -1.178863783329999961e+02 0.000000000000000000e+00 1.749999999999999889e-01 0.000000000000000000e+00 4.889999999999999680e+00 2.293000000000000149e+00 2.447000000000000064e+00 9.085000000000000853e+00 5.000000000000000104e-03
1.408384893000000000e+09 1.407219533423284054e+09 3.397991333299999894e+01 -1.178863766669999933e+02 0.000000000000000000e+00 1.650000000000000078e-01 0.000000000000000000e+00 4.889999999999999680e+00 2.293000000000000149e+00 2.447000000000000064e+00 9.085000000000000853e+00 5.000000000000000104e-03
0.000000000000000000e+00 1.407219534484793901e+09 0.000000000000000000e+00 0.000000000000000000e+00 0.000000000000000000e+00 0.000000000000000000e+00 0.000000000000000000e+00 0.000000000000000000e+00 0.000000000000000000e+00 0.000000000000000000e+00 0.000000000000000000e+00 0.000000000000000000e+00
1.408384894000000000e+09 1.407219534560539007e+09 3.397991499999999832e+01 -1.178863766669999933e+02 0.000000000000000000e+00 1.950000000000000067e-01 0.000000000000000000e+00 4.889999999999999680e+00 2.293000000000000149e+00 2.447000000000000064e+00 4.830000000000000071e+00 5.000000000000000104e-03
1.408384895000000000e+09 1.407219535425899029e+09 3.397991666699999769e+01 -1.178863750000000010e+02 0.000000000000000000e+00 2.159999999999999976e-01 0.000000000000000000e+00 5.440000000000000391e+00 2.987000000000000099e+00 2.995000000000000107e+00 1.264000000000000057e+01 5.000000000000000104e-03
1.408384896000000000e+09 1.407219536363363981e+09 3.397991833300000053e+01 -1.178863733329999945e+02 0.000000000000000000e+00 2.730000000000000204e-01 0.000000000000000000e+00 5.990000000000000213e+00 2.987000000000000099e+00 2.995000000000000107e+00 4.830000000000000071e+00 5.000000000000000104e-03
1.408384897000000000e+09 1.407219537382522106e+09 3.397991999999999990e+01 -1.178863716670000059e+02 0.000000000000000000e+00 2.929999999999999827e-01 0.000000000000000000e+00 5.990000000000000213e+00 2.987000000000000099e+00 2.995000000000000107e+00 4.830000000000000071e+00 5.000000000000000104e-03
1.408384898000000000e+09 1.407219538413963079e+09 3.397992166699999927e+01 -1.178863699999999994e+02 0.000000000000000000e+00 3.089999999999999969e-01 0.000000000000000000e+00 5.990000000000000213e+00 2.987000000000000099e+00 2.995000000000000107e+00 4.830000000000000071e+00 5.000000000000000104e-03
0.000000000000000000e+00 1.407219539489145041e+09 0.000000000000000000e+00 0.000000000000000000e+00 0.000000000000000000e+00 0.000000000000000000e+00 0.000000000000000000e+00 0.000000000000000000e+00 0.000000000000000000e+00 0.000000000000000000e+00 0.000000000000000000e+00 0.000000000000000000e+00
1.408384899000000000e+09 1.407219539564362049e+09 3.397992666700000086e+01 -1.178863666670000043e+02 0.000000000000000000e+00 3.039999999999999925e-01 0.000000000000000000e+00 5.990000000000000213e+00 2.987000000000000099e+00 2.995000000000000107e+00 4.830000000000000071e+00 5.000000000000000104e-03
1.408384900000000000e+09 1.407219540382472038e+09 3.397993000000000308e+01 -1.178863633330000056e+02 0.000000000000000000e+00 2.979999999999999871e-01 -1.000000000000000056e-01 6.030000000000000249e+00 3.032000000000000028e+00 3.004999999999999893e+00 1.267600000000000016e+01 5.000000000000000104e-03
1.408384901000000000e+09 1.407219541411683083e+09 3.397993333299999819e+01 -1.178863633330000056e+02 0.000000000000000000e+00 2.929999999999999827e-01 0.000000000000000000e+00 6.059999999999999609e+00 3.032000000000000028e+00 3.004999999999999893e+00 4.830000000000000071e+00 5.000000000000000104e-03
1.408384902000000000e+09 1.407219542381489038e+09 3.397993666699999693e+01 -1.178863599999999963e+02 0.000000000000000000e+00 2.979999999999999871e-01 0.000000000000000000e+00 6.059999999999999609e+00 3.032000000000000028e+00 3.004999999999999893e+00 4.830000000000000071e+00 5.000000000000000104e-03
1.408384903000000000e+09 1.407219543413784027e+09 3.397993999999999915e+01 -1.178863633330000056e+02 0.000000000000000000e+00 3.039999999999999925e-01 0.000000000000000000e+00 6.059999999999999609e+00 3.032000000000000028e+00 3.004999999999999893e+00 4.830000000000000071e+00 5.000000000000000104e-03
0.000000000000000000e+00 1.407219544490695953e+09 0.000000000000000000e+00 0.000000000000000000e+00 0.000000000000000000e+00 0.000000000000000000e+00 0.000000000000000000e+00 0.000000000000000000e+00 0.000000000000000000e+00 0.000000000000000000e+00 0.000000000000000000e+00 0.000000000000000000e+00
1.408384904000000000e+09 1.407219544567461014e+09 3.397994333300000136e+01 -1.178863666670000043e+02 0.000000000000000000e+00 3.089999999999999969e-01 0.000000000000000000e+00 6.059999999999999609e+00 3.032000000000000028e+00 3.004999999999999893e+00 4.830000000000000071e+00 5.000000000000000104e-03
1.408384905000000000e+09 1.407219545387341976e+09 3.397994666700000010e+01 -1.178863683329999930e+02 0.000000000000000000e+00 3.190000000000000058e-01 0.000000000000000000e+00 6.049999999999999822e+00 3.019000000000000128e+00 3.008999999999999897e+00 1.252899999999999991e+01 5.000000000000000104e-03
1.408384906000000000e+09 1.407219546383614063e+09 3.397995166700000169e+01 -1.178863666670000043e+02 0.000000000000000000e+00 3.400000000000000244e-01 0.000000000000000000e+00 6.040000000000000036e+00 3.019000000000000128e+00 3.008999999999999897e+00 9.085000000000000853e+00 5.000000000000000104e-03
1.408384907000000000e+09 1.407219547423213959e+09 3.397995499999999680e+01 -1.178863649999999978e+02 0.000000000000000000e+00 3.599999999999999867e-01 0.000000000000000000e+00 6.040000000000000036e+00 3.019000000000000128e+00 3.008999999999999897e+00 4.830000000000000071e+00 5.000000000000000104e-03
1.408384908000000000e+09 1.407219548382605076e+09 3.397995666700000328e+01 -1.178863683329999930e+02 0.000000000000000000e+00 3.699999999999999956e-01 0.000000000000000000e+00 6.040000000000000036e+00 3.019000000000000128e+00 3.008999999999999897e+00 4.830000000000000071e+00 5.000000000000000104e-03
0.000000000000000000e+00 1.407219549490025997e+09 0.000000000000000000e+00 0.000000000000000000e+00 0.000000000000000000e+00 0.000000000000000000e+00 0.000000000000000000e+00 0.000000000000000000e+00 0.000000000000000000e+00 0.000000000000000000e+00 0.000000000000000000e+00 0.000000000000000000e+00
1.408384909000000000e+09 1.407219549565871954e+09 3.397995999999999839e+01 -1.178863733329999945e+02 0.000000000000000000e+00 3.910000000000000142e-01 0.000000000000000000e+00 6.040000000000000036e+00 3.019000000000000128e+00 3.008999999999999897e+00 4.830000000000000071e+00 5.000000000000000104e-03
1.408384910000000000e+09 1.407219550367770910e+09 3.397995999999999839e+01 -1.178863733329999945e+02 0.000000000000000000e+00 4.010000000000000231e-01 0.000000000000000000e+00 6.030000000000000249e+00 3.015000000000000124e+00 3.008000000000000007e+00 1.250600000000000023e+01 5.000000000000000104e-03
1.408384911000000000e+09 1.407219551418489933e+09 3.397996166699999776e+01 -1.178863733329999945e+02 0.000000000000000000e+00 3.910000000000000142e-01 0.000000000000000000e+00 6.030000000000000249e+00 3.015000000000000124e+00 3.008000000000000007e+00 4.830000000000000071e+00 5.000000000000000104e-03
1.408384912000000000e+09 1.407219552407638073e+09 3.397996333300000060e+01 -1.178863716670000059e+02 0.000000000000000000e+00 2.879999999999999782e-01 0.000000000000000000e+00 6.030000000000000249e+00 3.015000000000000124e+00 3.008000000000000007e+00 4.830000000000000071e+00 5.000000000000000104e-03
1.408384913000000000e+09 1.407219553430665970e+09 3.397996333300000060e+01 -1.178863716670000059e+02 0.000000000000000000e+00 2.570000000000000062e-01 0.000000000000000000e+00 6.030000000000000249e+00 3.015000000000000124e+00 3.008000000000000007e+00 4.830000000000000071e+00 5.000000000000000104e-03
0.000000000000000000e+00 1.407219554521986008e+09 0.000000000000000000e+00 0.000000000000000000e+00 0.000000000000000000e+00 0.000000000000000000e+00 0.000000000000000000e+00 0.000000000000000000e+00 0.000000000000000000e+00 0.000000000000000000e+00 0.000000000000000000e+00 0.000000000000000000e+00
1.408384914000000000e+09 1.407219554598457098e+09 3.397996166699999776e+01 -1.178863733329999945e+02 0.000000000000000000e+00 2.260000000000000064e-01 0.000000000000000000e+00 6.030000000000000249e+00 3.015000000000000124e+00 3.008000000000000007e+00 4.830000000000000071e+00 5.000000000000000104e-03
1.408384915000000000e+09 1.407219555368618011e+09 3.397995833299999902e+01 -1.178863750000000010e+02 0.000000000000000000e+00 1.179999999999999938e-01 -1.000000000000000056e-01 6.030000000000000249e+00 3.015000000000000124e+00 3.008000000000000007e+00 1.250600000000000023e+01 5.000000000000000104e-03
1.408384916000000000e+09 1.407219556408677101e+09 3.397995833299999902e+01 -1.178863766669999933e+02 0.000000000000000000e+00 5.700000000000000205e-02 1.000000000000000056e-01 6.030000000000000249e+00 3.015000000000000124e+00 3.008000000000000007e+00 4.830000000000000071e+00 5.000000000000000104e-03
1.408384917000000000e+09 1.407219557387531042e+09 3.397995833299999902e+01 -1.178863766669999933e+02 0.000000000000000000e+00 5.099999999999999672e-02 0.000000000000000000e+00 6.030000000000000249e+00 3.015000000000000124e+00 3.008000000000000007e+00 4.830000000000000071e+00 5.000000000000000104e-03
1.408384918000000000e+09 1.407219558387927055e+09 3.397995833299999902e+01 -1.178863766669999933e+02 0.000000000000000000e+00 1.130000000000000032e-01 0.000000000000000000e+00 6.030000000000000249e+00 3.015000000000000124e+00 3.008000000000000007e+00 4.830000000000000071e+00 5.000000000000000104e-03
0.000000000000000000e+00 1.407219559511178970e+09 0.000000000000000000e+00 0.000000000000000000e+00 0.000000000000000000e+00 0.000000000000000000e+00 0.000000000000000000e+00 0.000000000000000000e+00 0.000000000000000000e+00 0.000000000000000000e+00 0.000000000000000000e+00 0.000000000000000000e+00
1.408384919000000000e+09 1.407219559589901924e+09 3.397995666700000328e+01 -1.178863783329999961e+02 0.000000000000000000e+00 1.130000000000000032e-01 0.000000000000000000e+00 6.030000000000000249e+00 3.015000000000000124e+00 3.008000000000000007e+00 4.830000000000000071e+00 5.000000000000000104e-03
1.408384920000000000e+09 1.407219560432460070e+09 3.397995499999999680e+01 -1.178863783329999961e+02 0.000000000000000000e+00 1.179999999999999938e-01 0.000000000000000000e+00 6.030000000000000249e+00 3.012000000000000011e+00 2.987000000000000099e+00 1.233200000000000074e+01 5.000000000000000104e-03
1.408384921000000000e+09 1.407219561369477987e+09 3.397995499999999680e+01 -1.178863783329999961e+02 0.000000000000000000e+00 1.290000000000000036e-01 0.000000000000000000e+00 6.019999999999999574e+00 3.012000000000000011e+00 2.987000000000000099e+00 4.830000000000000071e+00 5.000000000000000104e-03
1.408384922000000000e+09 1.407219562429536104e+09 3.397995333299999743e+01 -1.178863766669999933e+02 0.000000000000000000e+00 1.590000000000000024e-01 0.000000000000000000e+00 6.019999999999999574e+00 3.012000000000000011e+00 2.987000000000000099e+00 4.830000000000000071e+00 5.000000000000000104e-03
1.408384923000000000e+09 1.407219563388859987e+09 3.397995166700000169e+01 -1.178863766669999933e+02 0.000000000000000000e+00 2.010000000000000120e-01 0.000000000000000000e+00 6.019999999999999574e+00 3.012000000000000011e+00 2.987000000000000099e+00 4.830000000000000071e+00 5.000000000000000104e-03
0.000000000000000000e+00 1.407219564561249971e+09 0.000000000000000000e+00 0.000000000000000000e+00 0.000000000000000000e+00 0.000000000000000000e+00 0.000000000000000000e+00 0.000000000000000000e+00 0.000000000000000000e+00 0.000000000000000000e+00 0.000000000000000000e+00 0.000000000000000000e+00
1.408384924000000000e+09 1.407219564633249998e+09 3.397995000000000232e+01 -1.178863766669999933e+02 0.000000000000000000e+00 2.109999999999999931e-01 0.000000000000000000e+00 6.019999999999999574e+00 3.012000000000000011e+00 2.987000000000000099e+00 4.830000000000000071e+00 5.000000000000000104e-03
1.408384925000000000e+09 1.407219565375945091e+09 3.397994833300000295e+01 -1.178863766669999933e+02 0.000000000000000000e+00 2.059999999999999887e-01 -1.000000000000000056e-01 6.839999999999999858e+00 2.887000000000000011e+00 3.826000000000000068e+00 1.355700000000000038e+01 5.000000000000000104e-03
1.408384926000000000e+09 1.407219566372970104e+09 3.397994666700000010e+01 -1.178863750000000010e+02 0.000000000000000000e+00 1.900000000000000022e-01 0.000000000000000000e+00 7.650000000000000355e+00 2.887000000000000011e+00 3.826000000000000068e+00 4.830000000000000071e+00 5.000000000000000104e-03
1.408384927000000000e+09 1.407219567369940042e+09 3.397994500000000073e+01 -1.178863750000000010e+02 0.000000000000000000e+00 1.749999999999999889e-01 0.000000000000000000e+00 7.650000000000000355e+00 2.887000000000000011e+00 3.826000000000000068e+00 4.830000000000000071e+00 5.000000000000000104e-03
1.408384928000000000e+09 1.407219568428787947e+09 3.397994333300000136e+01 -1.178863750000000010e+02 0.000000000000000000e+00 1.650000000000000078e-01 0.000000000000000000e+00 7.650000000000000355e+00 2.887000000000000011e+00 3.826000000000000068e+00 4.830000000000000071e+00 5.000000000000000104e-03
0.000000000000000000e+00 1.407219569494739056e+09 0.000000000000000000e+00 0.000000000000000000e+00 0.000000000000000000e+00 0.000000000000000000e+00 0.000000000000000000e+00 0.000000000000000000e+00 0.000000000000000000e+00 0.000000000000000000e+00 0.000000000000000000e+00 0.000000000000000000e+00
1.408384929000000000e+09 1.407219569570791006e+09 3.397994166699999852e+01 -1.178863750000000010e+02 0.000000000000000000e+00 1.290000000000000036e-01 0.000000000000000000e+00 7.650000000000000355e+00 2.887000000000000011e+00 3.826000000000000068e+00 4.830000000000000071e+00 5.000000000000000104e-03
1.408384930000000000e+09 1.407219570362607002e+09 3.397994166699999852e+01 -1.178863733329999945e+02 0.000000000000000000e+00 6.199999999999999956e-02 0.000000000000000000e+00 7.650000000000000355e+00 2.879999999999999893e+00 3.819999999999999840e+00 1.357099999999999973e+01 5.000000000000000104e-03
1.408384931000000000e+09 1.407219571375490904e+09 3.397993999999999915e+01 -1.178863733329999945e+02 0.000000000000000000e+00 4.100000000000000172e-02 0.000000000000000000e+00 7.639999999999999680e+00 2.879999999999999893e+00 3.819999999999999840e+00 4.830000000000000071e+00 5.000000000000000104e-03
1.408384932000000000e+09 1.407219572420614958e+09 3.397993999999999915e+01 -1.178863716670000059e+02 0.000000000000000000e+00 2.100000000000000130e-02 0.000000000000000000e+00 7.639999999999999680e+00 2.879999999999999893e+00 3.819999999999999840e+00 4.830000000000000071e+00 5.000000000000000104e-03
1.408384933000000000e+09 1.407219573432322025e+09 3.397993999999999915e+01 -1.178863716670000059e+02 0.000000000000000000e+00 2.100000000000000130e-02 0.000000000000000000e+00 7.639999999999999680e+00 2.879999999999999893e+00 3.819999999999999840e+00 4.830000000000000071e+00 5.000000000000000104e-03
0.000000000000000000e+00 1.407219574543673038e+09 0.000000000000000000e+00 0.000000000000000000e+00 0.000000000000000000e+00 0.000000000000000000e+00 0.000000000000000000e+00 0.000000000000000000e+00 0.000000000000000000e+00 0.000000000000000000e+00 0.000000000000000000e+00 0.000000000000000000e+00
1.408384934000000000e+09 1.407219574619671106e+09 3.397994166699999852e+01 -1.178863716670000059e+02 0.000000000000000000e+00 5.000000000000000104e-03 0.000000000000000000e+00 7.639999999999999680e+00 2.879999999999999893e+00 3.819999999999999840e+00 4.830000000000000071e+00 5.000000000000000104e-03
1.408384935000000000e+09 1.407219575435261965e+09 3.397994166699999852e+01 -1.178863716670000059e+02 0.000000000000000000e+00 4.100000000000000172e-02 0.000000000000000000e+00 7.639999999999999680e+00 2.879999999999999893e+00 3.819999999999999840e+00 1.357099999999999973e+01 5.000000000000000104e-03
1.408384936000000000e+09 1.407219576361816883e+09 3.397993999999999915e+01 -1.178863716670000059e+02 0.000000000000000000e+00 5.700000000000000205e-02 0.000000000000000000e+00 7.639999999999999680e+00 2.879999999999999893e+00 3.819999999999999840e+00 4.830000000000000071e+00 5.000000000000000104e-03
1.408384937000000000e+09 1.407219577413299084e+09 3.397993999999999915e+01 -1.178863716670000059e+02 0.000000000000000000e+00 7.699999999999999900e-02 0.000000000000000000e+00 7.639999999999999680e+00 2.879999999999999893e+00 3.819999999999999840e+00 4.830000000000000071e+00 5.000000000000000104e-03
1.408384938000000000e+09 1.407219578372298956e+09 3.397993999999999915e+01 -1.178863716670000059e+02 0.000000000000000000e+00 5.700000000000000205e-02 0.000000000000000000e+00 7.639999999999999680e+00 2.879999999999999893e+00 3.819999999999999840e+00 4.830000000000000071e+00 5.000000000000000104e-03
0.000000000000000000e+00 1.407219579501029015e+09 0.000000000000000000e+00 0.000000000000000000e+00 0.000000000000000000e+00 0.000000000000000000e+00 0.000000000000000000e+00 0.000000000000000000e+00 0.000000000000000000e+00 0.000000000000000000e+00 0.000000000000000000e+00 0.000000000000000000e+00
1.408384939000000000e+09 1.407219579577408075e+09 3.397993833299999977e+01 -1.178863716670000059e+02 0.000000000000000000e+00 4.100000000000000172e-02 0.000000000000000000e+00 7.639999999999999680e+00 2.879999999999999893e+00 3.819999999999999840e+00 4.830000000000000071e+00 5.000000000000000104e-03
1.408384940000000000e+09 1.407219580369956970e+09 3.397993833299999977e+01 -1.178863716670000059e+02 0.000000000000000000e+00 6.199999999999999956e-02 0.000000000000000000e+00 7.639999999999999680e+00 2.879999999999999893e+00 3.819999999999999840e+00 1.357099999999999973e+01 5.000000000000000104e-03
1.408384941000000000e+09 1.407219581420345068e+09 3.397993833299999977e+01 -1.178863716670000059e+02 0.000000000000000000e+00 8.699999999999999400e-02 0.000000000000000000e+00 7.639999999999999680e+00 2.879999999999999893e+00 3.819999999999999840e+00 4.830000000000000071e+00 5.000000000000000104e-03
1.408384942000000000e+09 1.407219582372330904e+09 3.397993666699999693e+01 -1.178863716670000059e+02 0.000000000000000000e+00 8.699999999999999400e-02 0.000000000000000000e+00 7.639999999999999680e+00 2.879999999999999893e+00 3.819999999999999840e+00 4.830000000000000071e+00 5.000000000000000104e-03
1.408384943000000000e+09 1.407219583425576925e+09 3.397993666699999693e+01 -1.178863733329999945e+02 0.000000000000000000e+00 7.699999999999999900e-02 0.000000000000000000e+00 7.639999999999999680e+00 2.879999999999999893e+00 3.819999999999999840e+00 4.830000000000000071e+00 5.000000000000000104e-03
0.000000000000000000e+00 1.407219584513636112e+09 0.000000000000000000e+00 0.000000000000000000e+00 0.000000000000000000e+00 0.000000000000000000e+00 0.000000000000000000e+00 0.000000000000000000e+00 0.000000000000000000e+00 0.000000000000000000e+00 0.000000000000000000e+00 0.000000000000000000e+00
1.408384944000000000e+09 1.407219584587450981e+09 3.397993666699999693e+01 -1.178863733329999945e+02 0.000000000000000000e+00 1.229999999999999982e-01 0.000000000000000000e+00 7.639999999999999680e+00 2.879999999999999893e+00 3.819999999999999840e+00 4.830000000000000071e+00 5.000000000000000104e-03
1.408384945000000000e+09 1.407219585370668888e+09 3.397993499999999756e+01 -1.178863733329999945e+02 0.000000000000000000e+00 1.700000000000000122e-01 0.000000000000000000e+00 7.860000000000000320e+00 3.009999999999999787e+00 4.041000000000000369e+00 1.454400000000000048e+01 5.000000000000000104e-03
1.408384946000000000e+09 1.407219586412756920e+09 3.397993333299999819e+01 -1.178863750000000010e+02 0.000000000000000000e+00 1.900000000000000022e-01 0.000000000000000000e+00 8.080000000000000071e+00 3.009999999999999787e+00 4.041000000000000369e+00 4.830000000000000071e+00 5.000000000000000104e-03
1.408384947000000000e+09 1.407219587373536110e+09 3.397993166700000245e+01 -1.178863750000000010e+02 0.000000000000000000e+00 2.260000000000000064e-01 0.000000000000000000e+00 8.080000000000000071e+00 3.009999999999999787e+00 4.041000000000000369e+00 4.830000000000000071e+00 5.000000000000000104e-03
1.408384948000000000e+09 1.407219588378382921e+09 3.397993000000000308e+01 -1.178863750000000010e+02 0.000000000000000000e+00 1.849999999999999978e-01 0.000000000000000000e+00 8.080000000000000071e+00 3.009999999999999787e+00 4.041000000000000369e+00 4.830000000000000071e+00 5.000000000000000104e-03
0.000000000000000000e+00 1.407219589541300058e+09 0.000000000000000000e+00 0.000000000000000000e+00 0.000000000000000000e+00 0.000000000000000000e+00 0.000000000000000000e+00 0.000000000000000000e+00 0.000000000000000000e+00 0.000000000000000000e+00 0.000000000000000000e+00 0.000000000000000000e+00
1.408384949000000000e+09 1.407219589618273020e+09 3.397992833299999660e+01 -1.178863750000000010e+02 0.000000000000000000e+00 1.539999999999999980e-01 0.000000000000000000e+00 8.080000000000000071e+00 3.009999999999999787e+00 4.041000000000000369e+00 4.830000000000000071e+00 5.000000000000000104e-03
1.408384950000000000e+09 1.407219590369292021e+09 3.397992666700000086e+01 -1.178863750000000010e+02 0.000000000000000000e+00 1.130000000000000032e-01 0.000000000000000000e+00 8.080000000000000071e+00 3.009999999999999787e+00 4.041000000000000369e+00 1.454400000000000048e+01 5.000000000000000104e-03
1.408384951000000000e+09 1.407219591359067917e+09 3.397992500000000149e+01 -1.178863750000000010e+02 0.000000000000000000e+00 1.229999999999999982e-01 0.000000000000000000e+00 8.080000000000000071e+00 3.009999999999999787e+00 4.041000000000000369e+00 4.830000000000000071e+00 5.000000000000000104e-03
1.408384952000000000e+09 1.407219592371601105e+09 3.397992500000000149e+01 -1.178863766669999933e+02 0.000000000000000000e+00 9.800000000000000377e-02 0.000000000000000000e+00 8.080000000000000071e+00 3.009999999999999787e+00 4.041000000000000369e+00 4.830000000000000071e+00 5.000000000000000104e-03
1.408384953000000000e+09 1.407219593421395063e+09 3.397992333300000212e+01 -1.178863766669999933e+02 0.000000000000000000e+00 8.699999999999999400e-02 0.000000000000000000e+00 8.080000000000000071e+00 3.009999999999999787e+00 4.041000000000000369e+00 4.830000000000000071e+00 5.000000000000000104e-03
0.000000000000000000e+00 1.407219594562829018e+09 0.000000000000000000e+00 0.000000000000000000e+00 0.000000000000000000e+00 0.000000000000000000e+00 0.000000000000000000e+00 0.000000000000000000e+00 0.000000000000000000e+00 0.000000000000000000e+00 0.000000000000000000e+00 0.000000000000000000e+00
1.408384954000000000e+09 1.407219594636435986e+09 3.397992333300000212e+01 -1.178863766669999933e+02 0.000000000000000000e+00 1.079999999999999988e-01 0.000000000000000000e+00 8.080000000000000071e+00 3.009999999999999787e+00 4.041000000000000369e+00 4.830000000000000071e+00 5.000000000000000104e-03
1.408384955000000000e+09 1.407219595430604935e+09 3.397992166699999927e+01 -1.178863766669999933e+02 0.000000000000000000e+00 1.539999999999999980e-01 0.000000000000000000e+00 7.030000000000000249e+00 2.992999999999999883e+00 2.862999999999999989e+00 1.204800000000000004e+01 5.000000000000000104e-03
1.408384956000000000e+09 1.407219596412648916e+09 3.397991999999999990e+01 -1.178863766669999933e+02 0.000000000000000000e+00 1.950000000000000067e-01 0.000000000000000000e+00 5.990000000000000213e+00 2.992999999999999883e+00 2.862999999999999989e+00 4.830000000000000071e+00 5.000000000000000104e-03
1.408384957000000000e+09 1.407219597371185064e+09 3.397991833300000053e+01 -1.178863766669999933e+02 0.000000000000000000e+00 2.109999999999999931e-01 0.000000000000000000e+00 5.990000000000000213e+00 2.992999999999999883e+00 2.862999999999999989e+00 4.830000000000000071e+00 5.000000000000000104e-03
1.408384958000000000e+09 1.407219598428683043e+09 3.397991666699999769e+01 -1.178863783329999961e+02 0.000000000000000000e+00 2.570000000000000062e-01 0.000000000000000000e+00 5.990000000000000213e+00 2.992999999999999883e+00 2.862999999999999989e+00 4.830000000000000071e+00 5.000000000000000104e-03
0.000000000000000000e+00 1.407219599491391897e+09 0.000000000000000000e+00 0.000000000000000000e+00 0.000000000000000000e+00 0.000000000000000000e+00 0.000000000000000000e+00 0.000000000000000000e+00 0.000000000000000000e+00 0.000000000000000000e+00 0.000000000000000000e+00 0.000000000000000000e+00
1.408384959000000000e+09 1.407219599568490028e+09 3.397991499999999832e+01 -1.178863816669999949e+02 0.000000000000000000e+00 2.929999999999999827e-01 0.000000000000000000e+00 5.990000000000000213e+00 2.992999999999999883e+00 2.862999999999999989e+00 4.830000000000000071e+00 5.000000000000000104e-03
1.408384960000000000e+09 1.407219600366463900e+09 3.397991499999999832e+01 -1.178863833329999977e+02 0.000000000000000000e+00 2.879999999999999782e-01 0.000000000000000000e+00 5.429999999999999716e+00 2.301000000000000156e+00 2.439999999999999947e+00 8.973000000000000753e+00 5.000000000000000104e-03
1.408384961000000000e+09 1.407219601379262924e+09 3.397991333299999894e+01 -1.178863866669999965e+02 0.000000000000000000e+00 3.089999999999999969e-01 0.000000000000000000e+00 4.879999999999999893e+00 2.301000000000000156e+00 2.439999999999999947e+00 4.830000000000000071e+00 5.000000000000000104e-03
1.408384962000000000e+09 1.407219602416486979e+09 3.397991166700000321e+01 -1.178863866669999965e+02 0.000000000000000000e+00 2.829999999999999738e-01 -1.000000000000000056e-01 4.879999999999999893e+00 2.301000000000000156e+00 2.439999999999999947e+00 4.830000000000000071e+00 5.000000000000000104e-03
1.408384963000000000e+09 1.407219603375927925e+09 3.397990666700000162e+01 -1.178863949999999932e+02 0.000000000000000000e+00 2.879999999999999782e-01 0.000000000000000000e+00 4.879999999999999893e+00 2.301000000000000156e+00 2.439999999999999947e+00 4.830000000000000071e+00 5.000000000000000104e-03
0.000000000000000000e+00 1.407219604538887024e+09 0.000000000000000000e+00 0.000000000000000000e+00 0.000000000000000000e+00 0.000000000000000000e+00 0.000000000000000000e+00 0.000000000000000000e+00 0.000000000000000000e+00 0.000000000000000000e+00 0.000000000000000000e+00 0.000000000000000000e+00
1.408384964000000000e+09 1.407219604613960028e+09 3.397990666700000162e+01 -1.178863983330000025e+02 0.000000000000000000e+00 2.879999999999999782e-01 0.000000000000000000e+00 4.879999999999999893e+00 2.301000000000000156e+00 2.439999999999999947e+00 4.830000000000000071e+00 5.000000000000000104e-03
1.408384965000000000e+09 1.407219605377604008e+09 3.397990833299999736e+01 -1.178864016670000012e+02 0.000000000000000000e+00 3.039999999999999925e-01 0.000000000000000000e+00 4.879999999999999893e+00 2.301000000000000156e+00 2.439999999999999947e+00 8.973000000000000753e+00 5.000000000000000104e-03
1.408384966000000000e+09 1.407219606376414061e+09 3.397991333299999894e+01 -1.178864016670000012e+02 0.000000000000000000e+00 3.140000000000000013e-01 -1.000000000000000056e-01 4.879999999999999893e+00 2.301000000000000156e+00 2.439999999999999947e+00 4.830000000000000071e+00 5.000000000000000104e-03
1.408384967000000000e+09 1.407219607417860031e+09 3.397991499999999832e+01 -1.178864049999999963e+02 0.000000000000000000e+00 3.290000000000000147e-01 0.000000000000000000e+00 4.879999999999999893e+00 2.301000000000000156e+00 2.439999999999999947e+00 4.830000000000000071e+00 5.000000000000000104e-03
1.408384968000000000e+09 1.407219608365257025e+09 3.397991666699999769e+01 -1.178864033330000041e+02 0.000000000000000000e+00 3.340000000000000191e-01 0.000000000000000000e+00 4.879999999999999893e+00 2.301000000000000156e+00 2.439999999999999947e+00 4.830000000000000071e+00 5.000000000000000104e-03
0.000000000000000000e+00 1.407219609509088039e+09 0.000000000000000000e+00 0.000000000000000000e+00 0.000000000000000000e+00 0.000000000000000000e+00 0.000000000000000000e+00 0.000000000000000000e+00 0.000000000000000000e+00 0.000000000000000000e+00 0.000000000000000000e+00 0.000000000000000000e+00
1.408384969000000000e+09 1.407219609585268974e+09 3.397991333299999894e+01 -1.178864049999999963e+02 0.000000000000000000e+00 3.400000000000000244e-01 0.000000000000000000e+00 4.879999999999999893e+00 2.301000000000000156e+00 2.439999999999999947e+00 4.830000000000000071e+00 5.000000000000000104e-03
1.408384970000000000e+09 1.407219610438388109e+09 3.397991166700000321e+01 -1.178864049999999963e+02 0.000000000000000000e+00 3.340000000000000191e-01 0.000000000000000000e+00 4.879999999999999893e+00 2.301000000000000156e+00 2.439999999999999947e+00 8.973000000000000753e+00 5.000000000000000104e-03
1.408384971000000000e+09 1.407219611390646935e+09 3.397990833299999736e+01 -1.178864033330000041e+02 0.000000000000000000e+00 3.290000000000000147e-01 0.000000000000000000e+00 4.879999999999999893e+00 2.301000000000000156e+00 2.439999999999999947e+00 4.830000000000000071e+00 5.000000000000000104e-03
1.408384972000000000e+09 1.407219612370038986e+09 3.397990833299999736e+01 -1.178863999999999947e+02 0.000000000000000000e+00 3.089999999999999969e-01 -1.000000000000000056e-01 4.879999999999999893e+00 2.301000000000000156e+00 2.439999999999999947e+00 4.830000000000000071e+00 5.000000000000000104e-03
1.408384973000000000e+09 1.407219613361213923e+09 3.397990999999999673e+01 -1.178863983330000025e+02 0.000000000000000000e+00 2.210000000000000020e-01 0.000000000000000000e+00 4.879999999999999893e+00 2.301000000000000156e+00 2.439999999999999947e+00 4.830000000000000071e+00 5.000000000000000104e-03
0.000000000000000000e+00 1.407219614545619011e+09 0.000000000000000000e+00 0.000000000000000000e+00 0.000000000000000000e+00 0.000000000000000000e+00 0.000000000000000000e+00 0.000000000000000000e+00 0.000000000000000000e+00 0.000000000000000000e+00 0.000000000000000000e+00 0.000000000000000000e+00
1.408384974000000000e+09 1.407219614620773077e+09 3.397990999999999673e+01 -1.178863949999999932e+02 0.000000000000000000e+00 1.950000000000000067e-01 0.000000000000000000e+00 4.879999999999999893e+00 2.301000000000000156e+00 2.439999999999999947e+00 4.830000000000000071e+00 5.000000000000000104e-03
1.408384975000000000e+09 1.407219615368913889e+09 3.397991166700000321e+01 -1.178863983330000025e+02 0.000000000000000000e+00 1.799999999999999933e-01 0.000000000000000000e+00 5.450000000000000178e+00 3.005999999999999783e+00 2.984999999999999876e+00 1.227200000000000024e+01 5.000000000000000104e-03
1.408384976000000000e+09 1.407219616386584997e+09 3.397991166700000321e+01 -1.178863983330000025e+02 0.000000000000000000e+00 1.079999999999999988e-01 0.000000000000000000e+00 6.009999999999999787e+00 3.005999999999999783e+00 2.984999999999999876e+00 4.830000000000000071e+00 5.000000000000000104e-03
1.408384977000000000e+09 1.407219617374730110e+09 3.397991166700000321e+01 -1.178863999999999947e+02 0.000000000000000000e+00 5.099999999999999672e-02 0.000000000000000000e+00 6.009999999999999787e+00 3.005999999999999783e+00 2.984999999999999876e+00 4.830000000000000071e+00 5.000000000000000104e-03
1.408384978000000000e+09 1.407219618414388895e+09 3.397990999999999673e+01 -1.178863999999999947e+02 0.000000000000000000e+00 5.099999999999999672e-02 0.000000000000000000e+00 6.009999999999999787e+00 3.005999999999999783e+00 2.984999999999999876e+00 4.830000000000000071e+00 5.000000000000000104e-03
