0.000000000000000000e+00 1.407224682146130085e+09 0.000000000000000000e+00 0.000000000000000000e+00 0.000000000000000000e+00 0.000000000000000000e+00 0.000000000000000000e+00 0.000000000000000000e+00 0.000000000000000000e+00 0.000000000000000000e+00 0.000000000000000000e+00 0.000000000000000000e+00
1.408393478000000000e+09 1.407224682274549961e+09 3.397990666700000162e+01 -1.178863616670000027e+02 0.000000000000000000e+00 3.910000000000000142e-01 0.000000000000000000e+00 0.000000000000000000e+00 3.991899999999999693e+01 5.984799999999999898e+01 2.207999999999999829e+01 5.000000000000000104e-03
0.000000000000000000e+00 1.407224682432132006e+09 0.000000000000000000e+00 0.000000000000000000e+00 0.000000000000000000e+00 0.000000000000000000e+00 0.000000000000000000e+00 0.000000000000000000e+00 0.000000000000000000e+00 0.000000000000000000e+00 0.000000000000000000e+00 0.000000000000000000e+00
0.000000000000000000e+00 1.407224682925030947e+09 0.000000000000000000e+00 0.000000000000000000e+00 0.000000000000000000e+00 0.000000000000000000e+00 0.000000000000000000e+00 0.000000000000000000e+00 0.000000000000000000e+00 0.000000000000000000e+00 0.000000000000000000e+00 0.000000000000000000e+00
1.408393479000000000e+09 1.407224683052946091e+09 3.397988833299999811e+01 -1.178863499999999931e+02 0.000000000000000000e+00 7.359999999999999876e-01 1.000000000000000056e-01 1.197000000000000028e+02 3.991899999999999693e+01 5.984799999999999898e+01 2.001769999999999925e+02 5.000000000000000104e-03
1.408393480000000000e+09 1.407224684067287922e+09 3.397988833299999811e+01 -1.178863366669999948e+02 0.000000000000000000e+00 8.279999999999999583e-01 0.000000000000000000e+00 1.197000000000000028e+02 3.991899999999999693e+01 5.984799999999999898e+01 2.207999999999999829e+01 5.000000000000000104e-03
1.408393481000000000e+09 1.407224685033885956e+09 3.397989499999999907e+01 -1.178863333329999961e+02 0.000000000000000000e+00 5.200000000000000178e-01 0.000000000000000000e+00 1.197000000000000028e+02 3.991899999999999693e+01 5.984799999999999898e+01 2.001000000000000156e+01 5.000000000000000104e-03
1.408393482000000000e+09 1.407224686015443087e+09 3.397988833299999811e+01 -1.178863316669999932e+02 0.000000000000000000e+00 2.879999999999999782e-01 -1.000000000000000056e-01 1.197000000000000028e+02 3.991899999999999693e+01 5.984799999999999898e+01 2.001000000000000156e+01 5.000000000000000104e-03
0.000000000000000000e+00 1.407224687138186932e+09 0.000000000000000000e+00 0.000000000000000000e+00 0.000000000000000000e+00 0.000000000000000000e+00 0.000000000000000000e+00 0.000000000000000000e+00 0.000000000000000000e+00 0.000000000000000000e+00 0.000000000000000000e+00 0.000000000000000000e+00
1.408393483000000000e+09 1.407224687211335897e+09 3.397988166700000079e+01 -1.178863233330000071e+02 0.000000000000000000e+00 1.489999999999999936e-01 -1.000000000000000056e-01 1.197000000000000028e+02 3.991899999999999693e+01 5.984799999999999898e+01 2.001000000000000156e+01 5.000000000000000104e-03
1.408393484000000000e+09 1.407224688015788078e+09 3.397987499999999983e+01 -1.178863249999999994e+02 0.000000000000000000e+00 1.439999999999999891e-01 -1.000000000000000056e-01 7.268000000000000682e+01 1.283300000000000018e+01 1.107499999999999929e+01 4.859100000000000108e+01 5.000000000000000104e-03
1.408393485000000000e+09 1.407224689024216890e+09 3.397986333299999728e+01 -1.178863233330000071e+02 0.000000000000000000e+00 1.799999999999999933e-01 2.000000000000000111e-01 2.567000000000000171e+01 1.283300000000000018e+01 1.107499999999999929e+01 2.001000000000000156e+01 5.000000000000000104e-03
1.408393486000000000e+09 1.407224690000950098e+09 3.397986166700000155e+01 -1.178863216670000043e+02 0.000000000000000000e+00 3.089999999999999969e-01 0.000000000000000000e+00 2.567000000000000171e+01 1.283300000000000018e+01 1.107499999999999929e+01 2.001000000000000156e+01 5.000000000000000104e-03
1.408393487000000000e+09 1.407224691009473085e+09 3.397985666699999996e+01 -1.178863166670000027e+02 0.000000000000000000e+00 3.340000000000000191e-01 0.000000000000000000e+00 2.567000000000000171e+01 1.283300000000000018e+01 1.107499999999999929e+01 2.001000000000000156e+01 5.000000000000000104e-03
0.000000000000000000e+00 1.407224692126812935e+09 0.000000000000000000e+00 0.000000000000000000e+00 0.000000000000000000e+00 0.000000000000000000e+00 0.000000000000000000e+00 0.000000000000000000e+00 0.000000000000000000e+00 0.000000000000000000e+00 0.000000000000000000e+00 0.000000000000000000e+00
1.408393488000000000e+09 1.407224692201456070e+09 3.397984999999999900e+01 -1.178863116670000011e+02 0.000000000000000000e+00 3.599999999999999867e-01 0.000000000000000000e+00 2.567000000000000171e+01 1.283300000000000018e+01 1.107499999999999929e+01 2.001000000000000156e+01 5.000000000000000104e-03
1.408393489000000000e+09 1.407224692993473053e+09 3.397984833299999963e+01 -1.178863116670000011e+02 0.000000000000000000e+00 3.290000000000000147e-01 0.000000000000000000e+00 2.567000000000000171e+01 1.283300000000000018e+01 1.107499999999999929e+01 4.859100000000000108e+01 5.000000000000000104e-03
1.408393490000000000e+09 1.407224693992887020e+09 3.397984666699999678e+01 -1.178863116670000011e+02 0.000000000000000000e+00 7.699999999999999900e-02 0.000000000000000000e+00 2.567000000000000171e+01 1.283300000000000018e+01 1.107499999999999929e+01 2.001000000000000156e+01 5.000000000000000104e-03
1.408393491000000000e+09 1.407224695063858986e+09 3.397984499999999741e+01 -1.178863099999999946e+02 0.000000000000000000e+00 7.699999999999999900e-02 0.000000000000000000e+00 2.567000000000000171e+01 1.283300000000000018e+01 1.107499999999999929e+01 2.001000000000000156e+01 5.000000000000000104e-03
1.408393492000000000e+09 1.407224695999103069e+09 3.397984666699999678e+01 -1.178863083330000023e+02 0.000000000000000000e+00 1.700000000000000122e-01 0.000000000000000000e+00 2.567000000000000171e+01 1.283300000000000018e+01 1.107499999999999929e+01 2.001000000000000156e+01 5.000000000000000104e-03
0.000000000000000000e+00 1.407224697144288063e+09 0.000000000000000000e+00 0.000000000000000000e+00 0.000000000000000000e+00 0.000000000000000000e+00 0.000000000000000000e+00 0.000000000000000000e+00 0.000000000000000000e+00 0.000000000000000000e+00 0.000000000000000000e+00 0.000000000000000000e+00
1.408393493000000000e+09 1.407224697218060017e+09 3.397984833299999963e+01 -1.178863083330000023e+02 0.000000000000000000e+00 1.900000000000000022e-01 -1.000000000000000056e-01 2.567000000000000171e+01 1.283300000000000018e+01 1.107499999999999929e+01 2.001000000000000156e+01 5.000000000000000104e-03
1.408393494000000000e+09 1.407224698083936930e+09 3.397984666699999678e+01 -1.178863066669999995e+02 0.000000000000000000e+00 1.290000000000000036e-01 0.000000000000000000e+00 2.621000000000000085e+01 1.337800000000000011e+01 1.156199999999999939e+01 4.897200000000000131e+01 5.000000000000000104e-03
1.408393495000000000e+09 1.407224699020380974e+09 3.397984666699999678e+01 -1.178863049999999930e+02 0.000000000000000000e+00 2.599999999999999881e-02 0.000000000000000000e+00 2.676000000000000156e+01 1.337800000000000011e+01 1.156199999999999939e+01 2.001000000000000156e+01 5.000000000000000104e-03
1.408393496000000000e+09 1.407224700084033966e+09 3.397984499999999741e+01 -1.178863049999999930e+02 0.000000000000000000e+00 1.029999999999999943e-01 0.000000000000000000e+00 2.676000000000000156e+01 1.337800000000000011e+01 1.156199999999999939e+01 2.001000000000000156e+01 5.000000000000000104e-03
1.408393497000000000e+09 1.407224701050240040e+09 3.397984666699999678e+01 -1.178863049999999930e+02 0.000000000000000000e+00 2.419999999999999929e-01 0.000000000000000000e+00 2.676000000000000156e+01 1.337800000000000011e+01 1.156199999999999939e+01 2.001000000000000156e+01 5.000000000000000104e-03
0.000000000000000000e+00 1.407224702143300056e+09 0.000000000000000000e+00 0.000000000000000000e+00 0.000000000000000000e+00 0.000000000000000000e+00 0.000000000000000000e+00 0.000000000000000000e+00 0.000000000000000000e+00 0.000000000000000000e+00 0.000000000000000000e+00 0.000000000000000000e+00
1.408393498000000000e+09 1.407224702219729900e+09 3.397984833299999963e+01 -1.178863033330000007e+02 0.000000000000000000e+00 2.929999999999999827e-01 0.000000000000000000e+00 2.676000000000000156e+01 1.337800000000000011e+01 1.156199999999999939e+01 4.093999999999999773e+01 5.000000000000000104e-03
1.408393499000000000e+09 1.407224703064565897e+09 3.397984666699999678e+01 -1.178863000000000056e+02 0.000000000000000000e+00 4.169999999999999818e-01 0.000000000000000000e+00 2.612000000000000099e+01 1.274399999999999977e+01 1.182499999999999929e+01 4.714500000000000313e+01 5.000000000000000104e-03
1.408393500000000000e+09 1.407224704061888933e+09 3.397984166700000230e+01 -1.178862983329999992e+02 0.000000000000000000e+00 5.709999999999999520e-01 0.000000000000000000e+00 2.548999999999999844e+01 1.274399999999999977e+01 1.182499999999999929e+01 2.001000000000000156e+01 5.000000000000000104e-03
1.408393501000000000e+09 1.407224705060760975e+09 3.397983833299999645e+01 -1.178862966669999963e+02 0.000000000000000000e+00 5.859999999999999654e-01 -1.000000000000000056e-01 2.548999999999999844e+01 1.274399999999999977e+01 1.182499999999999929e+01 2.001000000000000156e+01 5.000000000000000104e-03
1.408393502000000000e+09 1.407224706030220032e+09 3.397982999999999976e+01 -1.178862950000000041e+02 0.000000000000000000e+00 6.019999999999999796e-01 -2.000000000000000111e-01 2.548999999999999844e+01 1.274399999999999977e+01 1.182499999999999929e+01 2.001000000000000156e+01 5.000000000000000104e-03
0.000000000000000000e+00 1.407224707139461040e+09 0.000000000000000000e+00 0.000000000000000000e+00 0.000000000000000000e+00 0.000000000000000000e+00 0.000000000000000000e+00 0.000000000000000000e+00 0.000000000000000000e+00 0.000000000000000000e+00 0.000000000000000000e+00 0.000000000000000000e+00
1.408393503000000000e+09 1.407224707213984966e+09 3.397982999999999976e+01 -1.178862950000000041e+02 0.000000000000000000e+00 4.319999999999999951e-01 -2.000000000000000111e-01 2.548999999999999844e+01 1.274399999999999977e+01 1.182499999999999929e+01 2.001000000000000156e+01 5.000000000000000104e-03
1.408393504000000000e+09 1.407224708004545927e+09 3.397982499999999817e+01 -1.178862933329999976e+02 0.000000000000000000e+00 3.039999999999999925e-01 -2.000000000000000111e-01 2.548999999999999844e+01 1.274399999999999977e+01 1.182499999999999929e+01 4.714500000000000313e+01 5.000000000000000104e-03
1.408393505000000000e+09 1.407224709029270887e+09 3.397981999999999658e+01 -1.178862933329999976e+02 0.000000000000000000e+00 2.829999999999999738e-01 -1.000000000000000056e-01 2.548999999999999844e+01 1.274399999999999977e+01 1.182499999999999929e+01 2.001000000000000156e+01 5.000000000000000104e-03
1.408393506000000000e+09 1.407224710015774012e+09 3.397981999999999658e+01 -1.178862933329999976e+02 0.000000000000000000e+00 1.340000000000000080e-01 -1.000000000000000056e-01 2.548999999999999844e+01 1.274399999999999977e+01 1.182499999999999929e+01 2.001000000000000156e+01 5.000000000000000104e-03
1.408393507000000000e+09 1.407224710987705946e+09 3.397982166700000306e+01 -1.178862950000000041e+02 0.000000000000000000e+00 9.800000000000000377e-02 -1.000000000000000056e-01 2.548999999999999844e+01 1.274399999999999977e+01 1.182499999999999929e+01 2.001000000000000156e+01 5.000000000000000104e-03
0.000000000000000000e+00 1.407224712122414112e+09 0.000000000000000000e+00 0.000000000000000000e+00 0.000000000000000000e+00 0.000000000000000000e+00 0.000000000000000000e+00 0.000000000000000000e+00 0.000000000000000000e+00 0.000000000000000000e+00 0.000000000000000000e+00 0.000000000000000000e+00
1.408393508000000000e+09 1.407224712195805073e+09 3.397982499999999817e+01 -1.178862983329999992e+02 0.000000000000000000e+00 9.299999999999999933e-02 -1.000000000000000056e-01 2.548999999999999844e+01 1.274399999999999977e+01 1.182499999999999929e+01 2.207999999999999829e+01 5.000000000000000104e-03
1.408393509000000000e+09 1.407224712997211933e+09 3.397982499999999817e+01 -1.178863000000000056e+02 0.000000000000000000e+00 1.179999999999999938e-01 0.000000000000000000e+00 2.614000000000000057e+01 1.339799999999999969e+01 1.339499999999999957e+01 5.000200000000000244e+01 5.000000000000000104e-03
1.408393510000000000e+09 1.407224713988418102e+09 3.397982499999999817e+01 -1.178863000000000056e+02 0.000000000000000000e+00 7.699999999999999900e-02 0.000000000000000000e+00 2.680000000000000071e+01 1.339799999999999969e+01 1.339499999999999957e+01 2.207999999999999829e+01 5.000000000000000104e-03
1.408393511000000000e+09 1.407224714965992928e+09 3.397982666699999754e+01 -1.178863016669999979e+02 0.000000000000000000e+00 1.029999999999999943e-01 -1.000000000000000056e-01 2.680000000000000071e+01 1.339799999999999969e+01 1.339499999999999957e+01 2.207999999999999829e+01 5.000000000000000104e-03
1.408393512000000000e+09 1.407224716052423954e+09 3.397982666699999754e+01 -1.178863016669999979e+02 0.000000000000000000e+00 1.749999999999999889e-01 0.000000000000000000e+00 2.680000000000000071e+01 1.339799999999999969e+01 1.339499999999999957e+01 2.207999999999999829e+01 5.000000000000000104e-03
0.000000000000000000e+00 1.407224717130897999e+09 0.000000000000000000e+00 0.000000000000000000e+00 0.000000000000000000e+00 0.000000000000000000e+00 0.000000000000000000e+00 0.000000000000000000e+00 0.000000000000000000e+00 0.000000000000000000e+00 0.000000000000000000e+00 0.000000000000000000e+00
1.408393513000000000e+09 1.407224717203934908e+09 3.397982833300000038e+01 -1.178863033330000007e+02 0.000000000000000000e+00 1.439999999999999891e-01 0.000000000000000000e+00 2.680000000000000071e+01 1.339799999999999969e+01 1.339499999999999957e+01 2.207999999999999829e+01 5.000000000000000104e-03
1.408393514000000000e+09 1.407224717990135908e+09 3.397982999999999976e+01 -1.178863033330000007e+02 0.000000000000000000e+00 1.439999999999999891e-01 1.000000000000000056e-01 2.680000000000000071e+01 1.339799999999999969e+01 1.339499999999999957e+01 5.000200000000000244e+01 5.000000000000000104e-03
1.408393515000000000e+09 1.407224719048212051e+09 3.397982999999999976e+01 -1.178863033330000007e+02 0.000000000000000000e+00 1.130000000000000032e-01 0.000000000000000000e+00 2.680000000000000071e+01 1.339799999999999969e+01 1.339499999999999957e+01 2.207999999999999829e+01 5.000000000000000104e-03
1.408393516000000000e+09 1.407224719997728109e+09 3.397983166699999913e+01 -1.178863033330000007e+02 0.000000000000000000e+00 3.499999999999999778e-01 0.000000000000000000e+00 2.680000000000000071e+01 1.339799999999999969e+01 1.339499999999999957e+01 7.567000000000000171e+01 5.000000000000000104e-03
1.408393517000000000e+09 1.407224721077626944e+09 3.397983500000000134e+01 -1.178863033330000007e+02 0.000000000000000000e+00 3.499999999999999778e-01 -1.000000000000000056e-01 2.680000000000000071e+01 1.339799999999999969e+01 1.339499999999999957e+01 7.567000000000000171e+01 5.000000000000000104e-03
0.000000000000000000e+00 1.407224722144380093e+09 0.000000000000000000e+00 0.000000000000000000e+00 0.000000000000000000e+00 0.000000000000000000e+00 0.000000000000000000e+00 0.000000000000000000e+00 0.000000000000000000e+00 0.000000000000000000e+00 0.000000000000000000e+00 0.000000000000000000e+00
1.408393518000000000e+09 1.407224722223228931e+09 3.397983833299999645e+01 -1.178863033330000007e+02 0.000000000000000000e+00 3.860000000000000098e-01 1.000000000000000056e-01 2.680000000000000071e+01 1.339799999999999969e+01 1.339499999999999957e+01 2.001000000000000156e+01 5.000000000000000104e-03
1.408393519000000000e+09 1.407224722991069078e+09 3.397984166700000230e+01 -1.178863033330000007e+02 0.000000000000000000e+00 3.960000000000000187e-01 0.000000000000000000e+00 2.680000000000000071e+01 1.339799999999999969e+01 1.339499999999999957e+01 5.000200000000000244e+01 5.000000000000000104e-03
1.408393520000000000e+09 1.407224724040404081e+09 3.397983833299999645e+01 -1.178863016669999979e+02 0.000000000000000000e+00 3.699999999999999956e-01 0.000000000000000000e+00 2.680000000000000071e+01 1.339799999999999969e+01 1.339499999999999957e+01 2.207999999999999829e+01 5.000000000000000104e-03
1.408393521000000000e+09 1.407224725046017885e+09 3.397983833299999645e+01 -1.178863016669999979e+02 0.000000000000000000e+00 3.549999999999999822e-01 0.000000000000000000e+00 2.680000000000000071e+01 1.339799999999999969e+01 1.339499999999999957e+01 2.207999999999999829e+01 5.000000000000000104e-03
1.408393522000000000e+09 1.407224725995661020e+09 3.397983500000000134e+01 -1.178863016669999979e+02 0.000000000000000000e+00 2.520000000000000018e-01 0.000000000000000000e+00 2.680000000000000071e+01 1.339799999999999969e+01 1.339499999999999957e+01 7.567000000000000171e+01 5.000000000000000104e-03
0.000000000000000000e+00 1.407224727127260923e+09 0.000000000000000000e+00 0.000000000000000000e+00 0.000000000000000000e+00 0.000000000000000000e+00 0.000000000000000000e+00 0.000000000000000000e+00 0.000000000000000000e+00 0.000000000000000000e+00 0.000000000000000000e+00 0.000000000000000000e+00
1.408393523000000000e+09 1.407224727201015949e+09 3.397983833299999645e+01 -1.178863016669999979e+02 0.000000000000000000e+00 2.829999999999999738e-01 0.000000000000000000e+00 2.680000000000000071e+01 1.339799999999999969e+01 1.339499999999999957e+01 2.207999999999999829e+01 5.000000000000000104e-03
1.408393524000000000e+09 1.407224727998372078e+09 3.397984000000000293e+01 -1.178863016669999979e+02 0.000000000000000000e+00 2.929999999999999827e-01 0.000000000000000000e+00 2.678000000000000114e+01 1.337299999999999933e+01 1.338400000000000034e+01 4.994800000000000040e+01 5.000000000000000104e-03
1.408393525000000000e+09 1.407224729049424887e+09 3.397984333299999804e+01 -1.178863000000000056e+02 0.000000000000000000e+00 2.979999999999999871e-01 0.000000000000000000e+00 2.676999999999999957e+01 1.337299999999999933e+01 1.338400000000000034e+01 2.207999999999999829e+01 5.000000000000000104e-03
1.408393526000000000e+09 1.407224729990386009e+09 3.397984333299999804e+01 -1.178862983329999992e+02 0.000000000000000000e+00 2.730000000000000204e-01 -1.000000000000000056e-01 2.676999999999999957e+01 1.337299999999999933e+01 1.338400000000000034e+01 7.567000000000000171e+01 5.000000000000000104e-03
1.408393527000000000e+09 1.407224731001235962e+09 3.397984499999999741e+01 -1.178862933329999976e+02 0.000000000000000000e+00 2.979999999999999871e-01 0.000000000000000000e+00 2.676999999999999957e+01 1.337299999999999933e+01 1.338400000000000034e+01 7.567000000000000171e+01 5.000000000000000104e-03
0.000000000000000000e+00 1.407224732091468096e+09 0.000000000000000000e+00 0.000000000000000000e+00 0.000000000000000000e+00 0.000000000000000000e+00 0.000000000000000000e+00 0.000000000000000000e+00 0.000000000000000000e+00 0.000000000000000000e+00 0.000000000000000000e+00 0.000000000000000000e+00
1.408393528000000000e+09 1.407224732164371967e+09 3.397984666699999678e+01 -1.178862950000000041e+02 0.000000000000000000e+00 4.169999999999999818e-01 1.000000000000000056e-01 2.676999999999999957e+01 1.337299999999999933e+01 1.338400000000000034e+01 7.590000000000000568e+01 5.000000000000000104e-03
1.408393529000000000e+09 1.407224732988266945e+09 3.397984666699999678e+01 -1.178862966669999963e+02 0.000000000000000000e+00 4.530000000000000138e-01 0.000000000000000000e+00 2.678000000000000114e+01 1.336299999999999955e+01 1.339199999999999946e+01 4.997800000000000153e+01 5.000000000000000104e-03
1.408393530000000000e+09 1.407224733969759941e+09 3.397985166699999837e+01 -1.178862983329999992e+02 0.000000000000000000e+00 4.729999999999999760e-01 0.000000000000000000e+00 2.678000000000000114e+01 1.336299999999999955e+01 1.339199999999999946e+01 2.207999999999999829e+01 5.000000000000000104e-03
1.408393531000000000e+09 1.407224734979578972e+09 3.397985333300000121e+01 -1.178863016669999979e+02 0.000000000000000000e+00 4.630000000000000226e-01 1.000000000000000056e-01 2.678000000000000114e+01 1.336299999999999955e+01 1.339199999999999946e+01 2.207999999999999829e+01 5.000000000000000104e-03
1.408393532000000000e+09 1.407224736004533052e+09 3.397985166699999837e+01 -1.178863033330000007e+02 0.000000000000000000e+00 1.799999999999999933e-01 0.000000000000000000e+00 2.678000000000000114e+01 1.336299999999999955e+01 1.339199999999999946e+01 2.207999999999999829e+01 5.000000000000000104e-03
0.000000000000000000e+00 1.407224737184160948e+09 0.000000000000000000e+00 0.000000000000000000e+00 0.000000000000000000e+00 0.000000000000000000e+00 0.000000000000000000e+00 0.000000000000000000e+00 0.000000000000000000e+00 0.000000000000000000e+00 0.000000000000000000e+00 0.000000000000000000e+00
1.408393533000000000e+09 1.407224737260049105e+09 3.397984999999999900e+01 -1.178863066669999995e+02 0.000000000000000000e+00 7.699999999999999900e-02 0.000000000000000000e+00 2.678000000000000114e+01 1.336299999999999955e+01 1.339199999999999946e+01 2.001000000000000156e+01 5.000000000000000104e-03
1.408393534000000000e+09 1.407224737970607042e+09 3.397984999999999900e+01 -1.178863033330000007e+02 0.000000000000000000e+00 2.620000000000000107e-01 0.000000000000000000e+00 2.678000000000000114e+01 1.336299999999999955e+01 1.339199999999999946e+01 4.997800000000000153e+01 5.000000000000000104e-03
1.408393535000000000e+09 1.407224738997256041e+09 3.397984833299999963e+01 -1.178863033330000007e+02 0.000000000000000000e+00 1.700000000000000122e-01 0.000000000000000000e+00 2.678000000000000114e+01 1.336299999999999955e+01 1.339199999999999946e+01 2.207999999999999829e+01 5.000000000000000104e-03
1.408393536000000000e+09 1.407224740059950113e+09 3.397984666699999678e+01 -1.178863016669999979e+02 0.000000000000000000e+00 1.290000000000000036e-01 0.000000000000000000e+00 2.678000000000000114e+01 1.336299999999999955e+01 1.339199999999999946e+01 2.207999999999999829e+01 5.000000000000000104e-03
1.408393537000000000e+09 1.407224740986382961e+09 3.397984499999999741e+01 -1.178863016669999979e+02 0.000000000000000000e+00 2.059999999999999887e-01 0.000000000000000000e+00 2.678000000000000114e+01 1.336299999999999955e+01 1.339199999999999946e+01 2.207999999999999829e+01 5.000000000000000104e-03
0.000000000000000000e+00 1.407224742160684109e+09 0.000000000000000000e+00 0.000000000000000000e+00 0.000000000000000000e+00 0.000000000000000000e+00 0.000000000000000000e+00 0.000000000000000000e+00 0.000000000000000000e+00 0.000000000000000000e+00 0.000000000000000000e+00 0.000000000000000000e+00
1.408393538000000000e+09 1.407224742235192060e+09 3.397984333299999804e+01 -1.178863016669999979e+02 0.000000000000000000e+00 2.010000000000000120e-01 0.000000000000000000e+00 2.678000000000000114e+01 1.336299999999999955e+01 1.339199999999999946e+01 2.207999999999999829e+01 5.000000000000000104e-03
1.408393539000000000e+09 1.407224743081016064e+09 3.397984166700000230e+01 -1.178863016669999979e+02 0.000000000000000000e+00 2.780000000000000249e-01 0.000000000000000000e+00 2.678000000000000114e+01 1.336299999999999955e+01 1.339199999999999946e+01 4.997800000000000153e+01 5.000000000000000104e-03
1.408393540000000000e+09 1.407224743987390041e+09 3.397984000000000293e+01 -1.178863016669999979e+02 0.000000000000000000e+00 3.499999999999999778e-01 0.000000000000000000e+00 2.678000000000000114e+01 1.336299999999999955e+01 1.339199999999999946e+01 2.001000000000000156e+01 5.000000000000000104e-03
1.408393541000000000e+09 1.407224745052822113e+09 3.397984000000000293e+01 -1.178862983329999992e+02 0.000000000000000000e+00 3.699999999999999956e-01 0.000000000000000000e+00 2.678000000000000114e+01 1.336299999999999955e+01 1.339199999999999946e+01 2.207999999999999829e+01 5.000000000000000104e-03
