0.000000000000000000e+00 1.407225136951663971e+09 0.000000000000000000e+00 0.000000000000000000e+00 0.000000000000000000e+00 0.000000000000000000e+00 0.000000000000000000e+00 0.000000000000000000e+00 0.000000000000000000e+00 0.000000000000000000e+00 0.000000000000000000e+00 0.000000000000000000e+00
0.000000000000000000e+00 1.407225136961105108e+09 3.397984833299999963e+01 -1.178863033330000007e+02 0.000000000000000000e+00 0.000000000000000000e+00 0.000000000000000000e+00 0.000000000000000000e+00 0.000000000000000000e+00 0.000000000000000000e+00 0.000000000000000000e+00 0.000000000000000000e+00
0.000000000000000000e+00 1.407225137025119066e+09 3.397984833299999963e+01 -1.178863033330000007e+02 0.000000000000000000e+00 0.000000000000000000e+00 0.000000000000000000e+00 0.000000000000000000e+00 0.000000000000000000e+00 0.000000000000000000e+00 2.001000000000000156e+01 0.000000000000000000e+00
0.000000000000000000e+00 1.407225137217145920e+09 0.000000000000000000e+00 0.000000000000000000e+00 0.000000000000000000e+00 0.000000000000000000e+00 0.000000000000000000e+00 0.000000000000000000e+00 0.000000000000000000e+00 0.000000000000000000e+00 0.000000000000000000e+00 0.000000000000000000e+00
1.408393933000000000e+09 1.407225137294631004e+09 3.397984833299999963e+01 -1.178863033330000007e+02 0.000000000000000000e+00 2.059999999999999887e-01 0.000000000000000000e+00 0.000000000000000000e+00 1.345500000000000007e+01 1.156099999999999994e+01 2.001000000000000156e+01 5.000000000000000104e-03
1.408393934000000000e+09 1.407225138109350920e+09 3.397984666699999678e+01 -1.178863016669999979e+02 0.000000000000000000e+00 1.950000000000000067e-01 0.000000000000000000e+00 2.691000000000000014e+01 1.345500000000000007e+01 1.156099999999999994e+01 5.053399999999999892e+01 5.000000000000000104e-03
0.000000000000000000e+00 1.407225138125101089e+09 0.000000000000000000e+00 0.000000000000000000e+00 0.000000000000000000e+00 0.000000000000000000e+00 0.000000000000000000e+00 0.000000000000000000e+00 0.000000000000000000e+00 0.000000000000000000e+00 0.000000000000000000e+00 0.000000000000000000e+00
0.000000000000000000e+00 1.407225138885108948e+09 0.000000000000000000e+00 0.000000000000000000e+00 0.000000000000000000e+00 0.000000000000000000e+00 0.000000000000000000e+00 0.000000000000000000e+00 0.000000000000000000e+00 0.000000000000000000e+00 0.000000000000000000e+00 0.000000000000000000e+00
1.408393935000000000e+09 1.407225139023289919e+09 3.397984499999999741e+01 -1.178863000000000056e+02 0.000000000000000000e+00 1.849999999999999978e-01 0.000000000000000000e+00 2.691000000000000014e+01 1.345500000000000007e+01 1.156099999999999994e+01 2.001000000000000156e+01 5.000000000000000104e-03
1.408393936000000000e+09 1.407225140014640093e+09 3.397984499999999741e+01 -1.178862983329999992e+02 0.000000000000000000e+00 2.419999999999999929e-01 0.000000000000000000e+00 2.691000000000000014e+01 1.345500000000000007e+01 1.156099999999999994e+01 2.001000000000000156e+01 5.000000000000000104e-03
1.408393937000000000e+09 1.407225141021914005e+09 3.397984333299999804e+01 -1.178862966669999963e+02 0.000000000000000000e+00 2.520000000000000018e-01 0.000000000000000000e+00 2.691000000000000014e+01 1.345500000000000007e+01 1.156099999999999994e+01 2.001000000000000156e+01 5.000000000000000104e-03
0.000000000000000000e+00 1.407225142137339115e+09 0.000000000000000000e+00 0.000000000000000000e+00 0.000000000000000000e+00 0.000000000000000000e+00 0.000000000000000000e+00 0.000000000000000000e+00 0.000000000000000000e+00 0.000000000000000000e+00 0.000000000000000000e+00 0.000000000000000000e+00
1.408393938000000000e+09 1.407225142210952997e+09 3.397984166700000230e+01 -1.178862950000000041e+02 0.000000000000000000e+00 2.109999999999999931e-01 0.000000000000000000e+00 2.691000000000000014e+01 1.345500000000000007e+01 1.156099999999999994e+01 2.001000000000000156e+01 5.000000000000000104e-03
1.408393939000000000e+09 1.407225143019263983e+09 3.397984000000000293e+01 -1.178862933329999976e+02 0.000000000000000000e+00 2.010000000000000120e-01 0.000000000000000000e+00 2.691000000000000014e+01 1.345500000000000007e+01 1.156099999999999994e+01 5.053399999999999892e+01 5.000000000000000104e-03
1.408393940000000000e+09 1.407225144020075083e+09 3.397983833299999645e+01 -1.178862933329999976e+02 0.000000000000000000e+00 2.469999999999999973e-01 -1.000000000000000056e-01 2.691000000000000014e+01 1.345500000000000007e+01 1.156099999999999994e+01 2.001000000000000156e+01 5.000000000000000104e-03
1.408393941000000000e+09 1.407225145017416954e+09 3.397983666700000072e+01 -1.178862933329999976e+02 0.000000000000000000e+00 1.700000000000000122e-01 0.000000000000000000e+00 2.691000000000000014e+01 1.345500000000000007e+01 1.156099999999999994e+01 2.001000000000000156e+01 5.000000000000000104e-03
1.408393942000000000e+09 1.407225146011918068e+09 3.397983500000000134e+01 -1.178862933329999976e+02 0.000000000000000000e+00 1.079999999999999988e-01 0.000000000000000000e+00 2.691000000000000014e+01 1.345500000000000007e+01 1.156099999999999994e+01 2.001000000000000156e+01 5.000000000000000104e-03
0.000000000000000000e+00 1.407225147144074917e+09 0.000000000000000000e+00 0.000000000000000000e+00 0.000000000000000000e+00 0.000000000000000000e+00 0.000000000000000000e+00 0.000000000000000000e+00 0.000000000000000000e+00 0.000000000000000000e+00 0.000000000000000000e+00 0.000000000000000000e+00
1.408393943000000000e+09 1.407225147220628977e+09 3.397983500000000134e+01 -1.178862950000000041e+02 0.000000000000000000e+00 4.599999999999999922e-02 0.000000000000000000e+00 2.691000000000000014e+01 1.345500000000000007e+01 1.156099999999999994e+01 2.001000000000000156e+01 5.000000000000000104e-03
1.408393944000000000e+09 1.407225148084171057e+09 3.397983500000000134e+01 -1.178862950000000041e+02 0.000000000000000000e+00 4.100000000000000172e-02 0.000000000000000000e+00 2.635000000000000142e+01 1.290000000000000036e+01 1.104100000000000037e+01 5.006400000000000006e+01 5.000000000000000104e-03
1.408393945000000000e+09 1.407225149019438982e+09 3.397983500000000134e+01 -1.178862933329999976e+02 0.000000000000000000e+00 1.439999999999999891e-01 0.000000000000000000e+00 2.580000000000000071e+01 1.290000000000000036e+01 1.104100000000000037e+01 2.001000000000000156e+01 5.000000000000000104e-03
1.408393946000000000e+09 1.407225150039959908e+09 3.397983500000000134e+01 -1.178862916669999947e+02 0.000000000000000000e+00 1.179999999999999938e-01 0.000000000000000000e+00 2.580000000000000071e+01 1.290000000000000036e+01 1.104100000000000037e+01 2.001000000000000156e+01 5.000000000000000104e-03
1.408393947000000000e+09 1.407225151077750921e+09 3.397983500000000134e+01 -1.178862916669999947e+02 0.000000000000000000e+00 8.699999999999999400e-02 0.000000000000000000e+00 2.580000000000000071e+01 1.290000000000000036e+01 1.104100000000000037e+01 2.001000000000000156e+01 5.000000000000000104e-03
0.000000000000000000e+00 1.407225152143497944e+09 0.000000000000000000e+00 0.000000000000000000e+00 0.000000000000000000e+00 0.000000000000000000e+00 0.000000000000000000e+00 0.000000000000000000e+00 0.000000000000000000e+00 0.000000000000000000e+00 0.000000000000000000e+00 0.000000000000000000e+00
1.408393948000000000e+09 1.407225152216631889e+09 3.397983666700000072e+01 -1.178862916669999947e+02 0.000000000000000000e+00 2.109999999999999931e-01 0.000000000000000000e+00 2.580000000000000071e+01 1.290000000000000036e+01 1.104100000000000037e+01 2.001000000000000156e+01 5.000000000000000104e-03
1.408393949000000000e+09 1.407225153081425905e+09 3.397983833299999645e+01 -1.178862900000000025e+02 0.000000000000000000e+00 1.849999999999999978e-01 0.000000000000000000e+00 2.580000000000000071e+01 1.290000000000000036e+01 1.104100000000000037e+01 5.006400000000000006e+01 5.000000000000000104e-03
1.408393950000000000e+09 1.407225154064111948e+09 3.397984000000000293e+01 -1.178862900000000025e+02 0.000000000000000000e+00 1.700000000000000122e-01 0.000000000000000000e+00 2.580000000000000071e+01 1.290000000000000036e+01 1.104100000000000037e+01 2.001000000000000156e+01 5.000000000000000104e-03
1.408393951000000000e+09 1.407225155030592918e+09 3.397984166700000230e+01 -1.178862900000000025e+02 0.000000000000000000e+00 7.699999999999999900e-02 1.000000000000000056e-01 2.580000000000000071e+01 1.290000000000000036e+01 1.104100000000000037e+01 2.001000000000000156e+01 5.000000000000000104e-03
1.408393952000000000e+09 1.407225156069334984e+09 3.397984166700000230e+01 -1.178862900000000025e+02 0.000000000000000000e+00 1.079999999999999988e-01 0.000000000000000000e+00 2.580000000000000071e+01 1.290000000000000036e+01 1.104100000000000037e+01 3.956000000000000227e+01 5.000000000000000104e-03
0.000000000000000000e+00 1.407225157192460060e+09 0.000000000000000000e+00 0.000000000000000000e+00 0.000000000000000000e+00 0.000000000000000000e+00 0.000000000000000000e+00 0.000000000000000000e+00 0.000000000000000000e+00 0.000000000000000000e+00 0.000000000000000000e+00 0.000000000000000000e+00
1.408393953000000000e+09 1.407225157266144991e+09 3.397984166700000230e+01 -1.178862883329999960e+02 0.000000000000000000e+00 1.079999999999999988e-01 0.000000000000000000e+00 2.580000000000000071e+01 1.290000000000000036e+01 1.104100000000000037e+01 2.001000000000000156e+01 5.000000000000000104e-03
1.408393954000000000e+09 1.407225158073575020e+09 3.397984000000000293e+01 -1.178862866669999931e+02 0.000000000000000000e+00 1.290000000000000036e-01 0.000000000000000000e+00 2.628999999999999915e+01 1.338899999999999935e+01 1.159399999999999942e+01 5.051599999999999824e+01 5.000000000000000104e-03
1.408393955000000000e+09 1.407225159018033981e+09 3.397984000000000293e+01 -1.178862866669999931e+02 0.000000000000000000e+00 5.099999999999999672e-02 0.000000000000000000e+00 2.678000000000000114e+01 1.338899999999999935e+01 1.159399999999999942e+01 1.978000000000000114e+01 5.000000000000000104e-03
1.408393956000000000e+09 1.407225160013401985e+09 3.397984166700000230e+01 -1.178862850000000009e+02 0.000000000000000000e+00 4.100000000000000172e-02 0.000000000000000000e+00 2.678000000000000114e+01 1.338899999999999935e+01 1.159399999999999942e+01 1.978000000000000114e+01 5.000000000000000104e-03
1.408393957000000000e+09 1.407225160990201950e+09 3.397984166700000230e+01 -1.178862850000000009e+02 0.000000000000000000e+00 1.390000000000000124e-01 0.000000000000000000e+00 2.678000000000000114e+01 1.338899999999999935e+01 1.159399999999999942e+01 2.001000000000000156e+01 5.000000000000000104e-03
